30
10	2
73	17	67	13	30	83	93	68	30	16	
5	2	7	1	2	6	3	4	3	1	
3	1	1	1	2	2	7	7	2	2	
10	2
24	40	39	28	94	56	19	34	33	57	
1	3	3	2	2	4	2	3	2	4	
3	3	4	2	8	6	1	1	1	2	
10	2
67	83	19	57	28	52	94	41	63	39	
6	7	2	5	3	5	7	1	6	3	
5	6	2	3	2	2	1	2	6	1	
10	2
90	53	32	46	88	32	80	21	40	41	
3	3	1	5	8	2	6	1	1	3	
6	6	1	4	7	3	6	1	3	2	
10	2
45	94	49	38	100	31	69	18	49	64	
3	8	3	1	2	1	7	1	3	3	
4	6	3	1	8	2	4	1	2	3	
10	2
86	83	68	28	84	26	88	89	50	68	
2	4	6	3	5	3	5	7	4	2	
6	5	5	3	8	1	3	5	4	6	
10	2
34	81	30	53	94	15	38	14	91	89	
4	7	1	4	8	1	4	1	4	7	
3	8	3	1	8	2	2	1	5	6	
10	2
62	38	87	60	60	54	21	72	52	10	
6	2	7	1	3	4	2	3	4	1	
3	2	5	6	6	3	2	3	4	1	
10	2
91	26	37	96	67	18	62	66	61	46	
2	3	1	6	3	2	3	4	4	3	
8	1	3	5	6	1	3	6	5	1	
10	2
79	24	38	23	20	22	31	66	18	16	
3	2	1	2	2	2	1	3	2	2	
6	2	2	3	1	1	2	7	2	1	
10	2
68	79	83	87	52	49	48	11	95	69	
8	13	11	16	6	5	6	2	16	8	
7	14	14	17	8	6	8	1	9	10	
10	2
55	95	15	45	57	88	77	79	88	91	
9	14	2	4	6	12	13	8	12	16	
7	16	2	5	8	16	9	10	13	15	
10	2
36	93	29	46	87	49	11	59	32	31	
6	11	4	6	16	9	2	7	4	5	
5	11	5	6	17	9	1	10	6	4	
10	2
43	54	13	32	17	48	10	13	40	82	
5	7	1	5	2	7	1	1	6	15	
7	7	1	5	3	7	1	2	4	13	
10	2
11	82	76	48	11	50	52	95	74	41	
1	13	8	9	1	5	9	12	9	7	
1	13	11	9	1	8	7	15	9	4	
10	2
11	72	44	11	24	58	11	12	90	19	
1	12	7	1	2	6	1	1	13	2	
1	9	5	1	4	8	1	1	12	2	
10	2
40	34	31	84	85	43	33	65	11	64	
5	6	5	16	16	4	4	8	2	10	
4	3	5	10	9	8	5	9	2	7	
10	2
34	36	76	12	11	71	50	30	68	57	
3	4	14	1	1	13	6	5	7	8	
5	5	8	2	1	8	5	4	7	7	
10	2
43	61	54	56	14	18	51	27	75	30	
5	10	9	6	2	2	6	3	13	4	
7	6	9	5	1	2	6	5	9	4	
10	2
88	13	46	84	61	66	25	47	75	61	
11	2	6	10	6	6	3	7	9	8	
12	1	5	13	7	12	3	6	9	8
10	2
58	85	38	16	49	95	38	100	96	15	
10	34	7	4	7	26	16	48	14	2	
23	31	7	3	21	38	3	34	33	1	
10	2
79	39	37	39	27	19	39	52	53	31	
12	11	18	12	8	3	18	9	9	3	
9	10	17	4	5	8	12	10	22	10	
10	2
99	84	91	58	14	22	62	68	84	90	
10	17	44	24	6	6	12	9	11	37	
42	24	12	23	1	8	11	14	16	30	
10	2
55	43	93	27	56	54	67	55	88	18	
18	18	41	7	27	15	25	10	25	6	
11	7	21	12	17	20	18	15	26	6	
10	2
83	34	30	50	10	20	100	79	27	97	
19	6	10	9	2	9	37	15	10	24	
32	8	5	15	2	6	11	16	11	41	
10	2
20	39	66	21	13	87	93	61	25	19	
5	14	13	7	2	33	35	11	10	3	
5	8	12	8	3	18	36	8	10	5	
10	2
10	47	34	69	66	28	50	32	50	93	
1	14	12	8	16	13	10	3	5	13	
1	10	5	9	29	8	16	6	15	38	
10	2
88	64	64	31	46	83	65	87	16	61	
14	23	13	6	8	39	29	30	3	27	
24	25	25	10	5	29	11	14	7	15	
10	2
83	76	98	79	93	51	32	17	77	77	
25	20	17	23	13	6	7	7	20	10	
23	8	43	21	35	25	5	6	19	19	
10	2
72	38	55	39	97	71	48	27	19	100	
10	6	6	6	48	20	11	12	4	39	
7	10	17	8	16	30	11	10	7	32	
	
