30
100	2
71	37	51	65	83	97	90	77	34	12	19	24	17	14	47	78	64	12	69	34	54	66	45	56	83	96	85	98	90	63	66	18	37	55	79	66	57	44	38	84	94	88	100	93	75	52	65	80	47	64	61	87	66	36	88	36	66	45	58	78	46	70	73	29	38	14	91	61	90	47	79	100	25	80	50	45	53	93	93	85	48	62	72	26	52	31	15	27	43	67	15	92	36	68	64	58	44	18	12	60	
2	1	2	2	6	3	7	6	2	1	2	2	1	2	5	8	5	1	7	3	5	3	4	5	7	6	9	7	7	1	4	1	4	2	7	1	4	4	4	9	4	5	8	6	2	2	4	2	1	5	3	7	4	2	7	4	2	5	1	3	2	6	8	2	4	2	2	2	3	5	6	10	2	6	5	3	3	4	4	8	3	4	3	2	4	3	2	2	2	1	1	2	4	3	4	3	1	2	2	3	
7	1	2	4	1	5	5	4	2	1	2	2	1	1	3	3	4	1	6	1	3	4	2	2	8	6	2	8	4	6	7	1	3	4	6	2	5	4	2	6	10	9	10	2	4	4	7	5	1	3	2	3	7	1	8	1	5	4	6	8	4	1	3	1	2	1	4	4	9	4	8	6	2	8	4	4	5	8	3	7	1	4	8	3	4	1	2	1	1	4	1	8	3	1	2	3	4	1	1	5	
100	2
14	17	87	57	87	45	77	63	14	100	99	91	71	11	10	53	74	95	34	90	80	26	41	44	98	63	84	90	37	73	43	100	35	40	67	39	20	87	30	78	91	92	96	92	91	29	33	72	41	76	36	26	61	41	71	17	74	94	83	28	10	88	12	92	28	69	48	88	96	71	25	90	45	59	76	83	90	44	72	21	85	95	40	31	17	62	46	61	37	22	15	58	31	10	68	73	29	49	96	52	
1	2	8	4	3	3	5	2	2	8	10	3	7	2	1	4	3	9	3	9	5	2	4	1	6	4	3	6	3	2	4	7	1	3	6	3	2	4	1	7	3	9	4	8	5	2	3	5	4	3	2	3	4	4	2	2	7	7	2	2	1	5	1	8	1	5	1	4	8	7	2	9	2	3	3	8	5	3	6	2	4	4	3	1	1	1	5	5	3	1	2	2	3	1	7	6	3	2	6	2	
1	1	9	5	3	4	6	7	1	10	3	6	1	1	1	3	5	8	1	8	4	3	3	5	7	3	8	9	2	7	3	9	4	3	7	3	1	9	2	2	3	2	7	5	2	2	1	4	3	7	3	2	7	4	5	1	7	3	7	3	1	6	1	8	3	2	3	4	8	6	2	9	3	6	7	6	4	3	7	1	7	10	1	3	1	3	2	6	1	1	2	3	2	1	2	3	2	3	3	1	
100	2
29	21	61	18	30	43	64	85	80	59	82	15	88	92	99	91	48	18	60	77	71	99	80	72	60	29	46	61	35	16	85	79	20	87	71	35	28	39	15	93	95	13	35	51	32	88	61	25	23	88	98	42	95	29	75	95	88	14	49	92	72	30	47	12	19	13	75	88	72	56	96	54	56	40	99	62	74	87	82	16	81	78	15	62	20	55	88	71	93	84	37	85	74	17	67	88	71	88	90	51	
1	1	2	1	3	4	6	6	6	5	4	2	6	6	10	3	3	2	5	4	3	7	8	3	5	3	1	3	2	1	2	6	2	3	6	3	3	3	2	2	7	1	2	4	2	3	1	1	3	7	4	1	3	3	6	3	6	2	4	9	4	3	1	1	1	1	2	2	5	6	8	3	5	2	10	4	5	6	5	1	3	6	1	5	1	6	3	6	4	3	1	8	7	1	3	7	8	3	4	3	
2	2	4	2	3	1	3	3	8	2	8	2	6	5	4	7	4	2	4	3	5	6	2	2	5	3	5	6	3	1	3	2	2	8	7	3	2	4	2	2	2	1	4	2	2	7	4	2	1	7	10	4	5	2	7	3	3	1	4	7	6	1	4	2	2	1	8	1	6	4	8	3	5	1	4	7	5	8	8	2	2	3	1	1	1	3	2	4	10	4	2	8	3	2	4	1	6	8	4	3	
100	2
45	35	35	34	95	27	76	44	55	66	64	17	11	32	59	18	91	10	28	11	18	27	43	41	72	18	70	34	59	30	33	41	89	50	71	74	55	41	77	23	70	21	65	51	57	74	93	56	88	95	95	40	85	80	88	21	87	39	54	44	22	76	47	57	95	13	52	59	44	96	50	51	83	54	60	97	88	66	41	34	23	65	30	79	97	91	80	64	70	52	72	42	14	48	89	93	95	63	44	40	
2	2	1	1	3	1	4	2	6	6	5	1	1	1	4	2	7	1	2	1	1	3	4	2	5	2	6	3	3	1	3	4	9	3	2	7	1	3	3	1	3	2	1	2	2	5	7	3	4	10	4	2	2	3	6	3	5	3	2	4	3	6	4	6	7	1	4	1	2	4	4	3	7	6	5	5	2	3	4	3	1	5	2	4	10	7	3	2	4	2	4	4	2	5	4	8	5	2	1	2	
5	3	2	2	7	3	4	1	3	5	7	1	1	1	5	1	5	1	3	1	2	2	4	1	5	1	6	1	4	3	3	2	6	4	2	2	6	2	8	2	4	1	4	1	2	6	7	2	3	2	9	4	8	3	3	1	4	3	2	4	1	4	4	1	8	1	5	3	2	7	1	5	5	1	2	3	3	2	2	2	1	3	3	4	10	6	6	4	3	5	5	4	1	3	4	9	4	7	2	1	
100	2
71	66	22	52	28	60	92	86	79	42	88	86	84	19	23	42	13	35	35	56	12	85	33	76	13	19	31	93	46	18	20	33	56	55	69	14	70	71	58	33	53	91	29	24	57	63	21	43	81	59	65	54	74	24	46	13	57	61	91	33	65	41	33	39	56	74	55	10	31	87	78	42	44	29	29	13	46	70	59	66	49	41	88	30	38	39	98	65	58	49	68	36	76	81	13	59	16	58	36	52	
4	7	3	4	2	5	4	4	5	4	7	7	9	1	2	4	1	1	3	3	1	9	1	8	1	2	2	5	4	1	1	4	3	1	5	1	7	4	2	1	3	1	1	1	2	5	2	2	4	4	2	5	4	1	3	1	2	1	6	3	2	2	2	1	5	6	5	1	3	4	5	1	3	1	2	1	5	7	6	4	1	4	6	2	2	4	4	4	4	3	4	1	2	5	1	2	1	4	4	5	
3	4	1	2	1	6	4	7	7	2	4	9	8	2	1	2	2	3	4	5	1	9	3	4	1	1	2	8	2	1	1	1	3	1	2	1	1	5	3	1	4	6	3	2	6	2	1	1	3	6	1	5	3	2	5	1	2	5	9	2	3	1	2	3	3	4	4	1	1	2	2	3	2	2	1	1	1	3	2	5	3	2	6	3	4	2	7	4	3	3	7	1	8	3	1	3	2	4	1	4	
100	2
82	64	67	78	19	94	43	16	64	73	53	51	21	98	53	58	61	82	64	49	81	79	71	35	90	62	63	69	44	17	72	57	39	89	28	10	56	58	98	71	20	13	18	18	82	91	64	31	14	24	63	30	13	63	14	92	20	26	100	96	85	72	64	77	63	66	77	38	52	48	17	98	84	45	59	58	30	35	67	33	36	27	63	67	79	35	28	63	55	100	72	80	37	74	41	34	61	28	26	89	
6	4	2	4	1	5	2	1	2	5	3	2	2	9	4	1	1	2	3	3	6	2	4	4	4	2	6	3	3	2	4	5	4	3	3	1	4	6	2	6	2	1	1	1	5	7	7	3	1	2	2	3	1	1	2	4	1	1	5	6	3	6	5	3	7	4	1	4	4	2	1	6	5	4	3	5	1	2	5	2	2	3	6	4	1	1	2	3	1	2	2	6	4	2	5	2	5	2	3	3	
4	2	1	5	1	3	3	2	2	2	5	2	2	10	2	6	3	3	4	5	5	6	6	3	9	6	6	5	2	1	7	6	2	8	3	1	3	6	2	1	2	1	2	2	6	5	4	2	1	2	5	2	1	2	1	5	1	2	5	8	9	4	2	1	5	2	5	3	5	2	2	5	4	2	6	4	2	2	2	4	2	2	2	2	3	2	1	3	4	8	6	5	2	4	4	1	5	1	1	8	
100	2
41	40	73	19	81	64	71	21	55	21	43	16	79	30	75	70	28	29	90	10	82	99	61	31	53	91	83	75	52	85	36	41	96	45	30	65	22	42	32	19	93	100	71	32	33	47	64	88	15	44	61	57	34	43	17	71	85	18	51	99	12	17	30	19	80	23	59	50	41	59	81	39	72	55	83	29	68	93	84	100	67	12	40	18	59	98	46	65	72	85	78	47	49	31	59	23	89	84	63	29	
3	2	7	1	5	5	7	2	2	2	1	1	2	1	2	6	3	2	2	1	4	6	2	3	5	2	3	2	2	8	3	4	8	1	1	5	1	2	1	1	3	10	3	2	2	3	3	4	1	3	5	6	1	4	2	7	4	2	4	7	1	2	3	2	7	2	1	4	4	5	2	2	1	6	3	2	1	5	2	9	7	1	4	2	4	7	3	2	7	6	2	1	4	3	3	2	2	4	5	1	
4	3	1	2	4	6	6	1	6	2	1	1	4	2	8	2	2	2	2	1	3	4	4	3	2	7	3	1	4	2	4	3	6	5	2	1	2	5	1	2	3	7	3	1	2	1	3	4	2	2	4	3	2	4	1	7	5	2	5	4	1	1	3	2	2	3	6	4	2	3	7	1	7	3	6	2	5	10	3	4	2	1	3	1	2	5	3	4	2	2	7	2	2	3	4	1	5	7	6	2	
100	2
73	28	74	58	18	38	42	52	16	92	14	40	46	27	100	45	31	78	97	91	12	79	50	18	93	65	55	82	64	20	30	42	49	59	95	62	51	79	18	81	62	29	82	18	35	95	87	41	66	20	22	45	66	29	56	78	23	87	86	67	99	45	40	97	80	40	54	35	49	78	32	95	47	31	65	90	22	88	85	18	89	24	11	69	50	34	76	74	99	96	85	75	56	26	23	54	41	91	47	14	
5	2	2	3	2	4	3	3	2	3	1	2	2	1	4	2	1	4	5	8	1	7	5	1	9	5	5	5	4	2	2	4	1	5	7	6	1	3	1	2	5	3	4	1	3	4	9	2	5	2	2	1	4	2	6	5	3	3	6	3	8	3	4	3	6	1	5	3	3	4	3	3	1	2	4	7	2	9	6	1	8	2	1	3	4	1	6	5	8	9	8	6	1	1	2	4	4	3	2	1	
3	1	2	6	1	3	1	2	2	9	2	4	3	3	3	5	1	4	9	9	1	5	4	2	8	6	5	5	7	2	3	2	5	3	9	1	2	3	1	6	3	2	3	1	3	9	3	1	5	2	2	2	3	3	2	7	2	6	8	4	8	3	3	7	8	2	3	2	3	4	3	7	1	1	3	9	2	5	9	2	9	1	1	7	4	1	7	2	6	5	3	8	6	1	1	1	2	5	5	1	
100	2
88	93	54	89	40	53	48	92	60	10	38	59	80	79	60	22	18	27	73	15	43	64	33	12	42	31	44	99	16	57	48	34	78	17	64	49	83	29	98	18	35	66	78	26	33	19	42	91	58	52	86	80	26	71	39	69	54	84	66	59	87	88	39	63	44	14	59	66	40	82	63	53	71	93	95	92	30	94	31	28	16	71	67	13	59	48	53	73	15	63	34	78	61	30	78	87	47	97	43	64	
7	4	3	8	1	4	4	5	6	1	4	6	2	3	4	2	1	2	2	1	3	6	3	1	5	1	5	7	1	3	3	4	4	1	6	5	6	3	10	1	3	6	1	1	1	2	4	5	4	5	9	7	1	7	2	5	2	4	4	5	7	6	3	2	3	1	2	3	2	5	7	5	2	7	8	6	1	6	1	3	1	4	2	2	3	5	5	5	1	4	4	2	4	3	7	4	5	4	2	5	
9	7	5	8	3	6	3	7	5	1	4	6	3	7	2	2	2	2	7	1	4	5	2	1	3	2	1	8	1	4	5	2	4	1	3	3	2	2	3	1	2	4	2	2	1	2	1	5	6	3	5	8	1	3	4	2	4	2	6	6	1	5	3	6	4	1	4	6	3	2	7	5	1	5	6	5	1	7	2	1	1	2	6	1	3	3	2	4	1	1	2	3	5	1	3	4	3	8	4	5	
100	2
42	94	14	72	67	77	58	32	50	18	35	35	62	80	74	85	65	36	62	97	65	57	15	64	78	48	40	70	69	81	73	27	66	90	19	69	10	57	28	92	27	80	36	72	69	29	17	10	91	91	75	98	88	78	54	83	43	48	48	65	58	40	24	46	57	10	21	81	52	10	59	88	31	96	36	83	91	83	10	45	48	84	23	16	89	29	99	15	88	22	10	37	69	98	32	28	35	49	40	35	
4	8	1	7	5	7	2	4	4	1	1	2	3	5	3	6	3	3	6	6	4	2	1	5	4	4	2	3	6	7	4	2	3	7	2	7	1	6	3	8	2	8	2	4	6	2	2	1	3	2	7	9	3	7	4	7	4	1	5	7	4	3	1	2	5	1	2	2	3	1	4	5	2	10	3	7	6	6	1	4	2	2	2	2	2	1	3	1	6	2	1	2	1	4	2	3	4	1	4	2	
3	10	1	3	5	8	2	3	4	2	2	3	4	8	6	3	4	2	7	3	5	4	2	6	4	1	3	5	7	3	3	3	4	2	2	6	1	4	3	6	2	8	2	5	7	3	1	1	5	6	8	7	9	5	3	3	4	5	5	2	6	1	1	1	2	1	2	7	2	1	3	9	1	4	2	2	2	8	1	4	4	8	2	2	8	2	8	1	2	2	1	2	3	2	2	2	1	1	1	3	
100	2
78	87	40	68	40	22	82	90	39	75	40	71	88	61	70	28	55	81	11	83	89	100	19	46	85	84	96	27	45	34	80	62	91	37	50	18	15	65	49	15	65	70	68	31	61	45	29	47	53	49	35	77	75	43	85	19	38	13	56	87	80	88	15	100	94	84	31	75	16	41	48	87	84	41	36	37	98	91	15	36	71	29	22	12	33	14	89	24	47	16	15	57	90	80	91	84	24	80	64	70	
11	12	7	11	4	3	15	14	6	7	7	13	12	7	10	3	7	11	1	12	14	12	2	6	16	11	12	3	6	5	14	9	16	4	8	2	2	6	8	2	11	13	12	3	8	5	4	4	10	9	4	11	10	5	11	1	5	1	8	9	11	12	2	13	18	15	3	13	2	7	6	14	16	5	4	7	14	9	1	3	14	5	4	1	6	2	11	3	7	1	2	6	9	12	16	15	3	11	8	12	
13	12	4	11	5	3	14	15	5	12	7	9	10	11	7	3	6	13	1	15	11	10	3	8	11	13	11	5	8	4	11	7	14	5	7	2	1	12	5	1	8	12	12	5	7	8	3	8	5	6	5	12	10	6	14	2	4	1	9	11	12	16	2	14	12	15	5	8	2	6	6	15	13	4	4	6	17	15	1	5	12	3	2	1	3	2	15	3	6	2	2	5	15	11	10	13	4	11	9	10	
100	2
64	42	17	43	78	18	12	62	81	43	60	78	61	57	32	66	73	32	50	98	68	21	70	30	59	27	44	41	14	87	73	73	47	89	58	66	59	28	29	88	85	53	74	54	46	35	29	91	73	79	24	34	20	76	85	90	45	82	59	27	69	13	91	86	20	44	80	54	77	50	47	45	93	97	22	86	98	60	11	59	83	54	85	64	88	36	15	53	30	68	22	96	27	91	58	48	75	82	37	55	
12	7	3	8	7	2	1	10	10	6	7	10	8	9	4	11	10	5	7	17	8	3	10	3	6	4	7	6	1	10	12	9	7	12	9	8	8	5	4	13	15	10	10	9	6	6	5	17	7	10	3	5	2	15	10	14	4	15	11	4	9	1	18	16	3	7	8	5	12	8	8	4	14	13	4	10	16	9	1	9	13	6	15	8	10	5	2	5	5	6	3	14	3	14	11	6	12	10	5	7	
12	8	3	5	13	2	1	9	9	5	11	9	7	6	5	11	9	6	7	17	12	3	12	3	8	5	5	5	1	11	10	11	8	12	10	6	9	2	5	9	11	7	9	5	8	4	5	10	12	11	3	6	2	14	13	10	4	15	10	4	12	2	15	8	2	5	14	8	8	9	8	6	15	10	2	13	12	6	1	8	9	6	10	8	16	6	2	8	5	7	2	17	4	17	7	5	13	12	3	10	
100	2
23	19	44	64	56	47	38	18	70	73	14	15	66	48	76	19	15	100	62	28	30	41	19	46	38	34	67	27	34	19	62	59	37	69	13	50	61	57	58	85	94	89	10	56	42	89	36	39	17	56	92	97	82	14	95	48	13	15	69	31	11	99	79	31	55	75	81	11	55	12	52	42	99	77	86	67	78	48	56	60	56	34	92	25	18	47	92	20	22	40	98	99	23	84	25	71	19	12	13	65	
2	2	6	7	6	6	7	2	13	13	1	2	11	7	8	2	1	13	6	4	4	5	3	8	4	3	9	3	6	3	7	8	6	7	2	5	11	11	6	11	18	12	1	5	4	11	5	5	1	7	14	11	12	1	9	6	2	2	8	6	2	19	13	4	8	13	14	1	7	1	8	5	16	12	9	7	14	8	7	10	8	3	13	4	2	9	16	3	3	4	12	17	3	12	4	7	3	1	2	11	
3	2	4	12	8	6	7	3	10	7	2	2	13	6	9	2	2	11	7	4	3	4	2	8	6	6	11	4	6	3	6	10	5	7	2	7	10	11	5	15	12	13	1	8	7	16	6	5	2	6	13	15	13	1	13	7	1	2	8	5	2	13	9	3	8	12	13	1	7	1	6	5	14	14	8	13	13	6	5	10	8	4	17	4	3	7	16	2	4	7	17	13	3	13	3	8	3	1	1	11	
100	2
55	72	57	30	21	49	15	16	42	87	45	17	36	98	59	36	49	26	71	93	84	39	78	33	98	97	100	50	27	18	26	73	45	23	89	32	98	48	26	25	70	39	54	61	44	68	46	38	29	26	21	14	10	85	37	23	62	30	82	24	54	38	64	58	94	88	62	91	84	43	61	16	76	37	74	58	80	51	55	70	57	100	55	98	60	11	11	99	56	21	48	59	51	68	69	28	34	21	71	57	
7	7	8	3	2	4	2	2	8	16	7	2	3	14	6	5	8	3	12	14	14	6	14	5	17	18	13	8	4	3	4	13	6	3	15	5	17	8	4	4	7	6	7	8	6	11	7	4	3	3	2	2	1	12	6	3	8	5	10	2	8	7	11	7	10	11	9	18	9	8	9	3	14	5	8	10	14	5	5	11	5	17	10	12	8	2	1	13	5	3	6	8	8	9	11	4	5	3	7	10	
9	11	5	3	2	5	1	1	6	11	7	2	4	11	6	5	6	2	10	12	16	5	8	4	15	17	12	6	3	1	4	9	7	3	9	6	11	7	4	4	8	6	8	11	6	13	7	3	5	3	2	2	1	14	7	2	9	3	15	2	5	5	11	5	17	16	6	15	9	7	8	2	10	4	7	10	15	6	8	10	8	13	9	15	8	1	1	11	9	3	5	9	7	7	9	3	3	2	10	6	
100	2
47	67	50	80	86	94	31	19	66	69	36	51	59	14	45	21	76	60	87	88	32	40	10	55	30	76	82	28	51	71	50	59	100	89	18	72	44	17	99	26	62	53	75	41	10	59	15	41	63	47	92	81	72	89	14	58	54	63	89	89	61	49	90	58	87	31	42	83	77	17	51	38	95	79	45	40	35	45	16	79	30	90	29	20	44	75	63	50	85	52	20	40	80	67	48	51	71	99	58	35	
6	10	6	14	12	18	5	2	12	8	3	8	10	2	7	2	11	9	11	14	5	5	1	8	4	11	11	5	9	8	7	11	14	13	2	11	4	3	10	3	8	8	9	7	1	9	2	8	11	5	11	8	11	13	2	6	9	11	15	16	9	7	16	6	15	6	7	14	13	2	8	7	9	14	7	7	6	6	3	11	4	13	4	3	7	7	6	8	10	8	2	4	12	7	4	6	13	13	10	3	
9	7	9	8	9	15	4	2	9	9	4	7	10	2	4	4	13	9	9	17	5	7	1	10	5	8	8	4	5	8	9	9	13	15	3	13	6	1	10	2	10	7	9	4	1	9	2	5	9	4	12	12	13	16	1	10	6	9	9	10	8	7	13	7	11	5	6	8	14	1	5	6	14	14	5	4	6	8	2	14	3	11	3	2	5	9	7	8	11	10	2	5	13	9	6	9	9	10	6	6	
100	2
20	16	17	21	87	70	74	76	100	68	49	55	37	83	29	92	31	27	25	22	19	98	76	66	60	43	21	83	65	61	70	21	97	35	81	46	69	66	95	43	33	96	16	29	79	29	39	14	10	74	30	53	24	89	78	80	19	24	13	19	99	39	77	37	28	11	52	65	80	11	27	32	61	41	52	11	99	35	21	90	67	64	25	100	72	61	61	68	92	50	73	68	57	41	89	35	39	15	99	39	
3	2	3	3	14	7	14	14	13	7	7	6	6	9	3	16	5	3	2	3	2	9	13	8	8	8	2	9	6	8	11	2	11	4	12	6	8	10	13	7	4	12	2	5	14	5	6	1	1	13	4	7	3	15	10	14	2	2	2	2	14	5	11	4	3	1	6	12	15	1	5	6	9	7	9	1	12	4	3	11	9	9	4	11	11	6	8	11	10	7	11	10	6	7	10	3	5	1	16	7	
3	1	2	4	16	8	11	13	12	10	8	10	5	10	3	9	4	3	4	2	3	17	11	6	8	8	2	11	9	11	13	2	12	4	12	8	13	7	11	4	3	11	2	4	14	4	6	2	1	13	4	9	4	15	11	9	3	3	2	3	14	4	12	5	5	1	10	12	10	1	2	4	6	6	6	2	16	5	3	12	8	8	4	14	12	11	9	8	17	7	7	12	6	6	14	5	7	2	11	5	
100	2
53	99	90	71	39	75	39	62	31	100	50	78	25	96	88	51	70	26	70	39	85	34	70	100	59	99	99	53	25	55	89	21	70	24	90	93	67	77	64	61	42	11	11	45	39	40	92	17	59	28	29	16	98	13	77	24	13	31	10	17	58	14	93	67	23	75	23	20	73	98	76	58	77	38	58	50	83	97	34	100	53	87	48	58	28	68	88	97	60	23	14	22	30	18	50	98	85	52	52	54	
7	13	12	11	4	8	7	12	5	13	7	11	4	17	10	9	13	3	11	7	14	5	8	15	8	11	18	8	3	7	12	3	11	4	10	11	7	11	10	10	5	1	2	7	5	4	12	3	10	4	3	1	10	1	7	3	1	6	1	2	10	1	11	9	2	8	3	2	12	17	7	8	8	6	9	9	10	10	4	17	8	10	5	8	2	8	15	14	8	2	1	2	5	2	6	11	12	9	7	8	
8	15	17	13	5	14	5	7	6	11	7	12	3	16	10	9	10	4	8	6	11	4	9	15	7	13	10	6	2	8	9	3	10	3	10	17	7	8	7	9	5	1	2	6	5	4	11	1	11	4	4	2	11	1	9	3	2	3	1	2	7	2	11	10	4	14	4	2	8	13	14	10	13	5	5	7	12	9	4	19	5	16	7	6	5	7	12	14	11	3	1	2	4	3	8	10	11	10	6	9	
100	2
87	98	63	83	76	69	88	22	32	59	77	36	19	65	54	59	21	53	20	57	11	28	64	28	23	16	10	54	66	34	89	74	28	13	55	33	85	93	92	12	66	66	15	52	24	11	67	28	47	78	75	81	75	96	59	16	15	65	43	68	23	24	48	11	36	45	68	32	90	44	58	98	47	56	100	14	58	61	18	92	41	25	86	88	81	13	73	89	22	59	66	46	62	51	60	71	58	26	71	21	
12	13	10	12	12	10	10	2	4	7	11	6	3	10	9	8	3	5	2	6	1	3	7	5	2	2	1	5	7	4	15	14	2	1	7	6	14	14	9	2	10	10	2	7	3	1	11	4	4	13	10	12	9	15	11	2	1	11	6	7	3	3	6	1	6	5	7	4	12	7	7	12	6	9	11	1	10	8	1	18	4	2	15	12	9	1	9	11	3	10	8	8	7	8	11	11	10	2	9	2	
9	10	7	15	13	8	15	4	6	9	15	4	2	8	10	10	3	6	3	8	1	4	10	4	3	2	1	9	7	6	16	14	3	2	10	5	12	12	10	1	11	12	2	10	4	1	6	4	5	14	13	9	10	11	11	1	2	7	8	13	3	4	7	1	6	8	12	6	9	4	9	14	7	5	16	1	9	10	2	11	4	2	9	15	11	1	7	9	2	9	9	8	9	7	8	13	11	4	11	3	
100	2
49	78	25	23	21	84	54	16	32	75	80	100	60	56	90	21	20	85	25	15	83	97	92	73	17	34	37	89	25	48	11	34	75	94	85	72	38	78	85	44	23	43	89	91	95	72	87	81	59	43	37	90	63	57	28	74	62	17	11	22	33	34	15	36	76	89	65	84	89	88	17	72	96	16	61	97	29	93	49	35	40	76	92	54	54	18	83	48	95	90	21	13	76	71	35	93	35	10	26	81	
6	15	3	3	3	13	9	2	5	8	8	13	7	10	9	3	2	10	2	2	12	11	15	10	1	3	4	15	3	9	1	6	11	14	9	13	6	13	12	6	4	7	10	14	16	12	11	14	7	5	3	12	12	7	4	11	8	2	2	2	5	5	2	4	8	8	9	8	11	16	2	8	16	3	9	17	5	10	6	5	4	13	10	7	7	2	15	8	18	13	2	1	14	8	5	9	4	1	3	11	
9	15	4	3	3	14	6	3	5	14	15	18	10	9	14	3	2	16	3	1	13	18	16	8	2	5	4	11	4	5	2	6	9	11	16	7	4	10	14	7	2	5	15	13	15	10	15	15	7	8	6	9	8	8	4	12	7	2	1	2	5	3	2	6	11	9	9	16	8	9	2	9	11	2	11	16	4	15	5	6	4	12	15	7	10	3	15	6	16	16	3	1	9	8	5	10	4	1	4	10	
100	2
28	31	81	80	62	93	18	18	66	17	27	10	94	37	21	31	28	100	36	29	40	92	18	50	81	74	83	47	21	80	21	31	91	57	91	14	76	57	65	87	50	69	43	26	44	26	79	43	54	11	30	78	91	43	14	40	49	78	86	87	26	36	43	42	55	81	73	21	98	54	75	19	55	98	44	20	50	52	57	13	37	27	45	25	97	24	19	28	76	44	44	13	59	29	68	95	85	66	51	23	
4	3	11	10	9	17	2	2	9	2	2	1	12	4	2	4	4	18	6	4	4	10	3	9	14	12	9	6	2	12	2	3	16	10	12	2	8	9	12	16	8	8	5	4	5	4	8	7	8	1	5	9	16	7	2	6	8	10	10	14	3	3	8	7	8	8	8	2	11	8	11	2	8	11	8	3	8	5	8	1	5	3	4	3	10	3	3	3	11	8	5	2	11	4	11	12	11	12	9	3	
3	5	14	14	11	18	2	2	11	1	3	1	13	6	3	4	3	15	6	3	4	15	2	5	9	13	13	7	3	15	4	3	12	7	15	2	7	8	7	16	6	7	4	4	6	3	10	7	9	2	5	14	13	7	1	5	9	13	12	16	4	4	6	7	5	9	12	2	19	10	9	3	9	11	8	2	6	9	7	1	3	3	5	4	17	4	3	4	14	7	8	2	9	3	10	15	10	12	5	2	
100	2
81	36	92	39	65	32	47	35	13	90	28	74	49	40	29	28	89	24	41	86	91	32	92	36	45	25	93	51	33	12	87	81	38	53	35	28	11	55	40	19	47	61	31	87	55	25	59	19	49	39	17	15	93	99	64	59	67	54	71	10	85	91	53	76	37	26	71	74	25	66	45	46	46	56	12	75	78	94	47	64	58	73	83	90	71	77	85	98	71	16	47	78	98	71	81	95	80	37	32	92	
18	6	20	4	17	12	5	4	4	33	6	29	6	17	14	10	11	10	15	37	23	13	15	8	22	6	38	20	6	5	30	32	5	23	5	9	4	8	4	7	9	13	5	26	26	7	28	7	11	18	5	1	40	36	8	18	16	26	23	3	17	32	22	17	8	6	30	36	4	10	18	14	16	10	3	24	10	40	15	6	17	17	35	40	9	36	24	22	14	2	21	27	43	27	26	46	12	13	14	28	
11	8	37	6	30	6	8	4	2	27	13	14	21	7	8	8	39	8	10	24	29	10	23	16	20	11	16	23	6	5	35	14	13	10	14	8	4	20	13	8	15	9	11	13	13	12	13	8	22	15	4	7	34	13	17	21	13	17	17	2	32	39	19	28	5	4	31	24	6	9	21	9	17	10	3	27	22	27	22	13	7	10	13	37	25	11	12	36	32	3	22	12	24	21	26	21	35	11	8	27	
100	2
79	77	50	45	45	60	90	99	21	50	80	11	74	62	49	56	14	15	82	62	24	19	42	67	91	87	41	29	63	64	95	47	91	63	30	91	60	48	40	33	52	91	30	40	86	35	98	41	33	20	30	91	58	11	65	59	69	92	53	64	50	22	31	47	84	78	24	20	25	78	96	42	47	92	66	35	94	70	65	89	33	65	68	67	88	80	12	41	33	44	15	54	63	12	65	100	29	17	12	64	
10	21	17	6	17	18	28	49	8	12	34	4	15	29	10	23	6	1	38	8	8	8	6	10	38	17	10	4	26	14	11	20	36	26	5	14	12	15	9	7	16	19	14	12	17	6	15	15	3	4	6	31	16	5	9	6	25	32	15	20	21	7	13	10	25	26	6	7	5	14	40	11	21	27	32	12	45	28	7	17	12	13	19	24	41	33	2	14	8	7	2	10	27	5	18	48	8	6	1	26	
8	15	7	12	18	11	35	16	2	19	27	4	36	25	11	22	4	4	19	28	6	5	14	17	20	11	9	8	28	23	46	15	13	26	3	12	13	15	5	9	22	35	6	12	14	10	14	16	4	3	6	24	15	2	20	17	13	29	21	9	22	5	10	12	34	21	4	7	8	23	20	6	22	38	12	16	26	34	12	25	6	29	12	17	41	34	5	4	4	4	6	5	23	2	19	39	12	2	5	17	
100	2
23	56	73	75	100	44	38	21	34	78	38	18	54	56	66	76	11	76	87	79	36	20	13	74	66	89	54	45	46	19	83	16	33	34	27	29	29	81	23	25	10	16	91	16	92	30	74	62	41	67	36	73	65	15	27	10	43	39	30	50	24	24	93	31	78	31	22	51	57	55	46	98	58	81	82	42	93	31	56	92	25	51	94	26	56	11	56	27	90	31	24	24	37	23	23	93	60	50	29	24	
7	13	32	19	45	20	11	8	14	10	7	2	10	8	10	13	3	17	40	27	4	7	3	30	23	36	8	15	18	7	33	3	7	7	6	10	13	16	8	8	4	4	28	4	25	6	18	14	10	26	16	23	22	5	6	3	15	17	9	9	10	3	15	4	8	14	8	14	6	6	19	44	17	26	17	11	24	4	10	37	5	5	25	7	6	2	25	6	35	6	6	11	4	6	2	10	9	8	9	3	
8	10	12	29	14	8	18	8	16	15	11	2	18	21	9	10	4	13	33	19	10	6	4	18	28	11	26	20	18	3	18	5	5	12	9	6	7	17	10	11	4	4	22	2	11	12	12	19	10	19	12	22	27	2	12	4	12	4	10	17	5	10	16	8	11	4	10	24	20	10	22	45	11	21	16	4	43	10	24	37	5	19	36	9	13	3	17	6	22	8	3	5	16	2	4	42	6	9	9	3	
100	2
61	89	76	33	43	63	78	28	67	35	70	67	69	33	39	32	16	38	81	67	25	24	78	28	37	58	37	100	59	24	92	33	13	22	95	31	34	78	45	10	76	44	47	85	36	56	45	27	75	53	45	83	74	89	64	26	84	15	61	85	65	67	40	24	14	93	47	94	10	89	55	60	60	85	85	66	47	20	80	78	33	82	30	83	59	93	59	100	83	31	87	50	67	32	86	26	30	24	49	73	
15	38	13	16	5	17	23	11	20	9	12	31	28	16	8	6	6	14	21	29	3	10	18	9	5	17	8	46	14	4	13	9	4	2	21	12	16	8	21	3	33	20	21	12	3	24	19	12	7	6	18	26	12	28	20	9	38	5	24	19	7	20	7	6	1	32	21	29	2	15	27	16	11	33	19	32	20	7	35	10	11	18	6	35	24	42	13	35	24	9	40	12	21	13	35	8	13	7	10	15	
27	13	15	14	11	28	28	9	22	4	12	14	10	13	18	13	6	16	12	12	8	3	38	10	9	25	3	21	10	8	16	7	3	6	14	14	5	17	9	1	8	17	14	32	6	25	5	12	14	18	8	41	9	20	18	2	31	5	30	28	9	25	12	11	5	22	17	31	1	41	22	20	17	39	19	11	13	8	14	23	5	9	11	10	21	44	9	16	39	10	29	7	30	8	29	11	12	3	23	13	
100	2
20	74	80	85	44	17	77	28	30	21	50	92	86	27	31	99	11	46	17	39	45	71	52	89	45	88	14	23	71	90	93	51	76	58	85	100	10	77	75	44	76	92	27	96	45	50	77	90	48	53	33	27	30	66	25	15	61	71	16	33	16	75	35	21	75	11	50	88	51	22	64	15	78	37	15	41	83	94	62	84	33	16	48	48	78	74	63	15	30	25	95	23	60	15	56	27	11	43	90	83	
6	31	36	15	17	4	34	4	9	2	22	21	28	12	9	32	3	10	6	12	11	22	12	39	18	13	2	4	28	13	11	12	25	28	20	48	2	17	36	20	31	43	12	14	5	20	34	37	11	18	11	9	7	10	4	4	9	13	6	3	3	27	7	2	31	4	14	34	9	5	20	3	27	9	6	18	14	9	7	23	15	4	17	22	37	20	8	6	12	6	11	6	22	6	24	6	1	12	17	40	
7	10	15	8	16	2	14	6	14	8	22	28	24	4	5	34	3	12	2	13	7	34	11	26	20	32	4	11	17	21	19	21	10	6	35	33	4	34	17	20	23	15	5	17	21	13	17	33	20	7	16	9	14	21	10	7	30	15	6	9	4	20	5	9	12	3	13	41	6	4	12	5	35	6	5	15	30	23	28	32	15	2	8	19	28	17	14	3	4	8	36	9	29	1	6	11	5	18	25	12	
100	2
87	96	69	26	73	25	54	81	70	92	89	15	28	43	78	18	53	72	97	82	39	92	94	55	40	48	29	70	95	93	22	80	90	97	92	57	38	18	75	30	44	87	80	24	55	64	62	56	47	39	49	84	83	51	94	38	54	59	47	53	66	67	48	77	23	27	16	34	20	19	39	53	57	71	59	17	53	28	27	66	41	39	98	84	99	67	56	90	29	77	52	54	30	57	95	76	18	61	91	52	
27	28	7	9	19	9	5	16	33	23	37	6	8	7	17	3	22	32	14	9	4	30	26	13	9	20	3	18	36	36	10	23	26	43	39	12	14	3	25	14	7	40	27	8	26	17	11	11	17	7	6	39	24	24	20	8	20	12	8	21	27	20	19	8	6	10	4	14	7	6	9	25	27	32	14	6	21	13	6	11	17	18	30	12	28	14	11	21	7	15	8	14	14	27	38	22	7	16	10	17	
23	43	25	6	31	7	23	37	34	35	16	7	9	6	37	6	12	31	15	21	13	25	20	17	5	19	5	11	39	15	5	14	30	28	34	10	13	7	36	10	9	10	39	4	12	9	30	15	23	5	13	16	29	11	18	9	18	28	8	26	29	8	6	18	5	4	3	14	2	8	5	7	25	26	20	3	15	12	10	32	18	5	27	12	36	16	25	21	6	8	18	18	7	10	27	32	3	7	15	13	
100	2
62	94	53	35	39	35	20	39	36	47	53	45	30	83	27	45	75	82	94	29	22	41	27	20	12	38	32	32	72	19	98	24	99	64	22	90	83	27	22	44	10	68	21	41	90	93	61	25	61	81	29	73	91	87	80	64	35	54	99	63	11	94	67	89	55	66	80	47	74	65	76	31	18	50	53	75	89	36	92	54	48	23	63	66	49	96	14	38	86	54	87	59	48	80	18	98	86	47	11	20	
16	37	9	13	13	15	6	15	11	10	12	20	11	24	9	9	16	11	28	5	3	9	10	9	5	4	4	11	26	2	39	5	19	19	6	39	26	11	4	8	2	31	10	20	12	29	29	4	29	23	9	35	11	37	39	19	4	8	22	16	3	36	28	42	15	24	38	9	31	10	17	6	2	17	16	34	37	9	29	8	17	11	25	31	15	40	4	16	32	8	23	26	12	17	7	22	41	19	1	8	
7	20	24	8	19	8	9	12	8	21	11	18	3	38	7	12	11	29	33	13	4	4	9	8	5	4	7	3	11	8	16	3	46	21	3	41	25	5	7	12	1	24	5	15	16	46	21	4	20	28	8	30	36	18	34	19	9	7	15	26	5	24	11	17	6	13	30	16	36	32	35	14	8	10	13	30	43	7	20	24	14	11	26	26	16	37	5	5	35	17	21	19	22	10	8	14	13	13	2	4	
100	2
29	94	32	87	81	49	48	98	13	36	21	40	55	38	25	40	44	44	21	28	33	91	16	13	21	36	56	65	98	72	41	15	75	36	79	59	75	29	58	33	58	12	50	56	93	49	57	41	85	75	31	97	84	79	40	56	65	35	99	60	33	30	31	83	45	48	74	53	89	70	10	75	85	98	60	31	26	90	75	97	77	73	27	81	12	87	93	84	62	15	44	82	91	85	28	64	69	61	29	44	
11	11	13	42	23	15	14	26	6	10	8	4	14	8	11	17	18	20	6	12	3	27	5	1	5	9	17	25	29	35	19	4	15	12	32	28	16	14	19	5	21	2	8	23	32	14	24	17	38	29	8	10	18	30	9	12	30	7	13	19	10	13	4	34	15	18	17	15	13	32	1	26	32	29	29	8	4	22	15	44	36	14	4	9	4	27	10	14	13	4	11	33	39	23	4	23	23	10	12	12	
7	19	6	43	37	22	18	23	2	14	5	14	10	16	3	18	12	16	10	4	9	39	3	2	8	11	20	21	9	33	5	7	36	9	18	6	12	12	14	3	18	4	12	15	14	20	13	17	17	13	4	20	18	22	15	6	18	10	12	21	12	10	3	18	13	6	14	7	27	24	1	13	19	31	23	5	12	21	28	12	19	22	6	18	5	33	11	22	13	1	12	29	25	42	13	27	31	18	10	10	
100	2
100	46	53	20	17	87	69	93	83	93	20	15	33	11	73	61	43	34	97	37	36	88	25	25	18	55	78	52	49	22	88	50	49	86	76	32	70	45	23	17	27	46	73	25	21	80	35	100	59	80	48	27	33	66	26	28	100	83	67	36	10	30	80	71	60	13	20	61	51	50	85	34	30	75	67	15	68	29	100	41	50	15	93	69	29	51	70	38	56	32	95	76	57	49	82	10	32	74	74	88	
49	15	13	3	6	18	15	40	37	44	4	5	9	1	12	12	10	14	33	6	6	39	11	8	5	8	31	20	8	9	30	24	16	18	33	7	22	14	5	3	3	18	31	8	4	39	17	40	17	33	18	12	11	8	11	11	25	8	10	4	4	4	31	22	13	4	7	6	6	18	17	9	6	32	28	6	13	6	35	13	5	1	14	10	3	23	14	17	15	6	40	33	15	7	14	3	5	26	16	37	
43	7	16	6	5	22	24	29	30	41	5	2	6	1	22	11	12	8	30	10	10	35	12	9	7	15	20	7	17	5	28	24	13	25	11	8	16	8	4	7	10	6	34	10	10	8	7	21	8	20	8	3	12	8	8	4	23	29	9	4	4	13	16	15	19	1	3	19	18	12	31	9	12	23	7	3	16	14	31	20	6	5	45	25	13	24	16	18	12	4	21	30	8	18	8	2	13	8	13	41	
100	2
30	75	48	53	60	98	74	72	12	40	21	15	23	40	36	82	48	80	49	74	61	37	28	49	90	71	38	27	62	49	25	92	84	78	53	28	41	10	30	73	40	78	96	98	37	69	37	98	23	77	21	39	19	20	76	59	20	10	14	68	83	32	67	65	28	75	21	66	51	89	78	21	28	52	56	41	23	31	57	30	70	14	96	95	34	44	11	58	27	96	71	76	17	45	46	59	16	19	75	29	
7	36	14	26	7	29	35	14	5	11	9	6	10	9	17	26	11	19	9	24	20	14	6	19	27	28	8	7	12	22	7	20	10	36	13	12	8	3	14	27	13	21	29	37	3	31	9	28	9	37	9	14	2	8	14	16	5	4	4	7	26	13	9	8	12	33	10	24	8	31	9	8	5	19	7	14	3	9	28	9	8	3	11	14	8	7	1	25	5	44	16	22	5	10	11	8	3	6	11	6	
12	25	20	20	29	21	19	22	4	4	9	4	7	8	12	17	17	11	20	10	20	14	3	20	27	33	9	5	30	21	11	28	30	12	20	9	10	2	8	22	19	18	17	22	16	18	16	33	9	22	4	18	6	8	23	9	4	2	1	13	18	5	25	19	12	16	9	31	21	42	29	8	7	6	19	5	7	6	13	11	10	4	16	40	16	13	3	25	6	38	9	12	7	6	9	14	7	5	22	3	
