30
12	2
100	85	28	66	29	87	92	69	10	33	87	40	
3	6	1	4	3	9	5	5	1	1	7	2	
4	2	2	2	3	2	6	2	1	1	2	4	
12	2
30	72	24	16	78	56	90	56	92	60	11	10	
1	3	3	2	3	5	7	4	5	6	2	1	
1	4	2	2	5	2	7	5	4	3	1	1	
12	2
24	62	62	93	35	15	51	73	21	98	16	40	
2	3	3	10	2	1	4	3	1	7	1	3	
2	4	5	9	1	1	4	4	1	9	2	3	
12	2
98	86	41	67	10	30	12	36	15	16	97	70	
10	2	1	4	1	3	1	3	1	1	4	5	
9	8	1	3	1	3	1	3	2	2	4	7	
12	2
68	53	30	39	55	81	30	87	37	89	43	84	
4	4	2	3	2	8	1	5	3	5	2	4	
3	2	3	3	4	4	2	8	2	2	3	8	
12	2
27	60	27	11	40	14	18	26	28	25	54	59	
1	4	1	2	2	1	1	1	2	1	3	4	
2	5	3	1	3	1	1	1	3	2	2	1	
12	2
10	14	14	10	68	69	89	67	92	50	59	91	
1	2	1	1	2	6	7	4	6	2	1	7	
1	1	1	1	1	4	3	5	2	4	4	2	
12	2
24	67	90	53	89	41	90	12	92	57	24	29	
3	1	5	5	6	3	8	1	4	4	3	3	
2	5	9	2	1	4	8	2	9	4	2	2	
12	2
78	97	55	25	45	50	17	30	48	45	93	77	
4	3	2	1	4	4	1	3	1	2	3	5	
3	7	5	2	4	2	2	3	1	2	9	2	
12	2
71	72	72	13	88	66	17	37	64	32	27	93	
5	5	7	1	5	4	1	3	4	1	3	8	
3	3	5	1	6	4	2	1	6	3	2	7	
12	2
81	22	37	97	24	88	72	65	20	100	71	58	
15	4	6	19	4	9	8	10	3	16	11	6	
12	4	7	11	4	10	7	9	2	13	8	10	
12	2
54	100	54	78	25	91	68	82	46	49	37	10	
9	16	7	9	3	11	7	11	8	8	5	1	
6	14	7	14	4	11	8	16	5	5	7	1	
12	2
34	56	35	75	44	72	75	84	98	68	49	24	
6	11	6	8	4	11	9	9	13	8	5	2	
3	10	5	11	6	9	7	13	19	12	8	4	
12	2
63	54	20	66	55	66	88	13	31	32	42	52	
11	10	2	13	9	12	16	1	5	5	4	9	
11	6	3	12	9	11	9	2	3	3	6	5	
12	2
27	49	97	17	96	36	56	15	71	17	13	43	
2	9	19	2	15	7	6	2	13	3	2	7	
5	9	14	2	13	5	9	2	9	3	1	6	
12	2
42	87	33	81	93	66	45	43	99	84	63	37	
7	16	3	13	10	11	6	7	12	14	6	4	
7	15	5	12	14	11	7	7	9	11	8	5	
12	2
40	23	99	19	18	98	14	16	77	45	84	37	
5	3	13	2	2	14	2	2	13	5	15	6	
4	3	13	3	1	17	2	1	8	5	10	5	
12	2
64	96	74	72	87	80	39	88	71	86	46	42	
12	12	9	8	15	9	4	16	11	14	5	5	
9	14	12	10	13	11	4	13	12	11	7	4	
12	2
80	36	78	77	72	48	95	95	81	94	38	92	
10	6	13	10	13	8	18	17	15	13	7	10	
10	5	15	10	14	8	17	16	15	18	5	9	
12	2
68	100	70	29	17	57	88	55	24	86	11	17	
7	16	8	4	2	10	12	8	3	11	1	2	
11	18	8	5	3	9	12	6	4	12	2	3	
12	2
75	39	21	57	53	57	73	56	61	86	48	20	
23	4	6	22	8	21	27	11	21	41	14	7	
11	14	9	12	24	12	21	9	9	35	9	8	
12	2
79	95	48	36	37	70	21	25	26	89	22	96	
14	32	14	14	11	20	7	6	2	37	5	13	
24	33	17	10	18	21	3	12	2	24	6	28	
12	2
61	47	77	61	27	91	72	65	35	99	95	15	
20	5	21	29	10	18	19	30	6	13	43	1	
16	4	37	17	5	18	34	15	11	19	34	4	
12	2
52	67	81	82	83	66	88	96	79	43	66	23	
23	22	23	25	40	15	29	13	9	20	22	8	
25	30	15	32	20	30	43	34	23	18	12	2	
12	2
100	24	50	98	44	60	17	37	97	45	11	18	
23	8	5	44	14	12	5	4	32	20	4	4	
21	3	18	29	5	23	3	16	47	14	2	8	
12	2
76	79	84	61	15	58	73	83	97	30	22	68	
11	9	10	28	7	19	17	10	32	7	6	29	
18	18	26	10	2	20	20	20	41	10	3	13	
12	2
54	85	80	57	24	86	55	71	77	99	28	77	
25	35	17	10	10	20	25	29	37	15	12	20	
11	24	29	12	10	29	12	25	18	16	4	12	
12	2
41	35	23	92	98	84	81	69	37	36	44	42	
17	14	8	10	21	15	14	31	10	10	17	10	
5	3	6	41	35	18	15	33	12	10	5	12	
12	2
52	82	38	66	63	42	46	20	29	30	68	19	
14	18	13	28	15	7	7	6	12	8	10	3	
16	12	8	28	13	12	22	7	4	8	29	2	
12	2
34	10	81	37	39	94	36	26	94	12	79	60	
13	3	33	8	5	15	5	3	33	2	31	16	
16	1	25	11	9	42	15	6	40	5	30	13	

