30
25	2
82	18	64	71	82	14	78	63	78	76	95	79	10	40	38	30	16	49	92	59	91	44	27	63	57	
3	2	2	3	5	2	4	3	4	2	8	5	1	2	3	2	1	4	3	3	4	2	3	4	5	
5	2	7	4	7	2	3	4	8	7	7	3	1	4	3	3	2	5	2	3	9	2	2	3	5	
25	2
33	97	60	16	15	68	100	49	21	92	80	84	27	14	19	95	40	59	11	36	55	85	26	77	99	
2	8	3	2	1	3	2	3	2	4	3	9	1	2	2	3	2	2	1	3	5	5	2	2	10	
2	3	3	2	1	6	3	5	2	2	3	2	2	2	2	7	4	2	2	4	5	6	2	6	6	
25	2
56	50	84	18	56	70	95	98	74	29	11	66	94	69	19	52	86	70	52	94	36	80	32	88	46	
3	1	5	2	3	7	10	2	6	3	1	5	6	4	1	5	7	7	5	2	1	4	4	5	2	
3	2	2	2	5	5	2	3	6	3	1	7	7	7	1	5	4	3	1	4	4	8	3	3	2	
25	2
29	75	41	44	89	90	32	17	61	90	74	79	88	85	15	80	69	48	84	53	100	21	97	49	53	
2	6	4	1	5	5	3	1	6	2	6	6	9	6	2	4	7	3	5	5	8	1	4	5	5	
3	8	3	3	3	2	3	2	1	3	2	3	4	3	2	4	4	4	8	4	3	2	4	5	3	
25	2
18	63	99	30	97	49	91	50	16	33	85	94	47	24	29	74	50	19	59	42	44	93	83	55	100	
1	1	9	3	8	5	7	5	2	3	5	4	4	1	2	3	5	2	3	4	2	9	9	1	3	
2	3	2	2	5	5	2	4	1	3	8	6	3	1	2	2	3	2	3	2	2	8	3	4	7	
25	2
50	94	43	79	23	74	43	23	13	31	50	21	13	67	79	65	13	62	56	84	49	52	74	69	22	
5	7	1	2	2	4	2	2	1	3	3	2	1	5	5	6	1	6	1	7	4	3	3	5	2	
2	5	4	5	2	3	3	1	1	2	3	1	2	6	6	7	1	2	3	3	4	5	2	2	1	
25	2
69	57	51	35	22	55	22	72	27	94	19	15	89	87	67	26	19	48	27	100	53	15	77	94	11	
3	5	4	2	2	5	2	7	1	10	2	1	4	2	6	1	2	2	2	4	3	1	5	7	1	
6	6	2	2	2	4	1	7	1	8	2	1	6	4	7	3	2	2	2	5	4	1	3	2	2	
25	2
40	24	26	98	97	82	49	85	97	16	87	70	97	67	98	56	37	30	89	32	57	19	60	96	94	
3	2	3	2	10	8	2	2	9	1	6	2	7	1	3	6	1	2	4	3	2	2	6	9	8	
1	1	1	6	3	2	4	2	10	1	5	6	7	7	7	3	1	3	7	2	1	2	3	3	2	
25	2
44	84	62	33	20	18	98	62	46	40	12	36	89	82	40	60	89	12	84	73	50	82	64	46	85	
3	2	1	3	2	1	6	2	2	3	1	1	4	7	3	6	7	1	7	6	2	8	5	1	2	
4	4	1	1	2	1	2	2	1	4	1	4	8	3	4	3	2	1	7	7	2	4	6	3	4	
25	2
20	99	37	56	72	17	56	63	11	10	13	91	64	83	42	30	45	98	93	25	57	47	38	60	94	
1	3	2	4	2	1	2	4	1	1	1	4	2	6	2	1	2	10	4	1	6	2	1	3	6	
2	10	4	6	6	1	3	6	2	1	1	3	4	8	3	1	2	5	5	2	3	1	3	4	3	
25	2
79	83	99	94	44	76	52	82	84	85	67	45	45	46	92	77	81	86	20	38	74	74	83	20	45	
13	11	17	10	7	13	9	14	12	16	10	8	8	5	15	8	15	16	2	7	11	8	13	2	7	
12	15	11	16	6	7	6	14	10	15	8	7	4	4	15	9	15	9	3	6	9	8	10	3	4	
25	2
57	52	74	37	17	84	91	65	90	44	10	58	47	100	66	99	85	93	18	94	87	31	40	86	37	
5	7	12	3	1	15	11	9	17	7	1	11	6	15	7	15	12	12	2	12	14	5	6	12	4	
10	6	11	3	3	9	10	9	16	8	1	10	8	11	9	13	16	9	2	9	15	3	4	9	5	
25	2
24	10	73	19	22	48	43	98	48	83	74	11	43	31	19	92	83	66	58	75	53	64	20	23	37	
3	1	12	2	4	9	5	13	5	10	7	1	5	3	3	12	13	6	7	13	7	11	2	4	4	
2	1	8	2	3	7	5	11	6	12	8	1	5	4	2	15	8	9	6	8	9	12	3	2	5	
25	2
34	44	51	40	47	39	17	46	36	68	33	48	83	65	59	15	44	71	97	81	88	38	12	89	54	
3	7	8	7	4	5	2	4	3	8	4	6	13	7	7	1	6	13	14	12	11	7	1	9	8	
5	5	9	7	6	5	2	8	4	11	4	5	15	9	6	2	5	13	18	13	11	7	2	11	7	
25	2
88	92	37	86	44	17	38	15	54	84	32	30	18	39	54	94	15	64	77	45	21	84	75	95	15	
12	13	6	12	8	2	5	1	8	10	5	3	3	4	7	14	2	6	13	8	3	16	13	17	2	
16	11	6	15	6	3	5	1	10	16	3	4	2	7	10	13	2	12	9	5	3	15	10	15	1	
25	2
63	59	20	93	74	82	46	82	25	100	66	81	63	62	94	82	21	25	45	65	38	93	48	41	57	
9	7	2	12	8	11	7	15	3	10	11	10	8	7	17	12	3	4	7	11	4	13	4	7	5	
7	8	3	12	12	12	6	8	3	15	12	10	8	10	13	13	2	4	4	12	6	14	6	6	7	
25	2
17	99	92	89	48	56	33	48	53	36	85	22	95	36	62	54	17	96	40	91	47	95	18	35	11	
1	17	15	16	6	8	3	7	6	5	12	4	18	5	6	5	2	11	7	14	6	16	2	5	1	
2	19	11	14	5	10	5	8	5	6	15	4	11	5	10	9	2	13	7	16	4	13	3	3	1	
25	2
38	84	69	24	73	26	69	96	19	28	23	63	65	14	16	26	32	11	79	69	84	38	32	50	20	
6	9	10	3	7	4	11	15	2	4	3	11	9	1	1	4	5	1	14	12	9	6	4	8	2	
6	14	10	3	11	3	11	15	3	3	2	6	11	2	2	2	4	1	14	11	12	5	3	8	2	
25	2
43	69	72	24	66	65	92	85	21	96	55	82	97	69	43	73	11	21	69	93	14	79	35	44	100	
8	8	9	2	10	9	11	16	3	18	6	10	17	10	5	14	2	2	11	16	2	13	6	5	13	
8	9	10	4	8	7	12	13	4	16	9	16	10	9	7	7	1	3	11	11	1	12	4	5	12	
25	2
64	60	68	24	54	37	93	33	74	34	43	70	51	44	22	29	38	37	53	81	27	30	14	30	68	
9	7	10	2	5	6	14	5	14	4	7	7	9	6	2	4	7	6	8	12	4	4	1	5	9	
8	7	11	3	5	4	14	5	13	5	4	13	7	6	2	5	5	5	7	8	4	5	2	4	12	
25	2
31	79	18	32	45	49	86	77	57	33	53	81	90	50	82	14	37	26	91	38	37	26	96	69	32	
3	15	5	5	15	6	22	10	20	6	20	18	36	20	32	3	12	7	19	13	4	5	23	25	6	
7	12	2	6	9	16	29	14	11	14	17	16	10	17	30	6	14	5	36	7	9	6	42	23	5	
25	2
82	59	97	91	75	71	58	27	58	85	45	78	59	64	89	98	23	18	64	86	67	88	25	20	42	
18	11	36	35	7	23	27	3	11	37	11	10	20	24	14	23	2	7	30	25	12	14	5	9	17	
18	12	33	44	15	12	10	9	11	15	7	17	28	16	41	42	4	6	16	16	19	11	5	2	17	
25	2
66	90	87	56	50	62	32	84	65	19	86	67	11	77	18	30	50	59	85	31	18	59	37	77	23	
21	24	38	13	21	25	9	22	19	7	39	30	2	34	5	9	9	24	31	10	3	8	6	33	6	
28	9	30	27	21	15	15	41	14	7	29	15	5	25	8	4	18	28	31	3	5	19	10	8	9	
25	2
43	16	14	97	48	72	99	96	95	79	51	44	31	24	22	98	22	74	55	89	65	89	84	31	72	
9	7	4	20	9	21	15	16	35	15	22	8	14	6	3	28	2	32	19	43	25	37	29	6	25	
8	4	4	14	10	19	18	28	10	37	17	4	7	10	10	37	5	32	24	23	22	20	8	4	24	
25	2
54	67	92	69	87	53	99	51	94	77	55	29	12	39	36	99	12	81	63	57	53	75	25	88	34	
24	25	28	25	23	7	44	10	18	16	16	6	5	4	12	21	4	19	26	9	26	22	3	42	10	
8	29	45	28	32	16	14	20	30	17	19	11	2	18	9	36	1	23	23	21	26	12	10	23	10	
25	2
25	62	81	96	99	84	36	92	36	46	40	61	15	55	21	88	94	23	47	29	55	17	82	64	92	
12	23	14	17	43	10	17	43	7	5	10	10	4	10	5	31	29	3	6	5	19	6	17	19	17	
8	14	19	32	16	27	12	16	7	20	11	18	3	17	3	15	25	8	14	3	21	5	31	18	36	
25	2
60	29	20	16	100	52	23	49	61	10	89	29	76	79	94	77	19	94	99	61	16	10	58	17	78	
26	6	9	7	33	9	9	13	8	4	26	13	7	25	11	31	6	39	28	18	7	2	15	6	17	
27	7	5	7	28	22	10	16	15	4	11	10	26	26	11	36	4	29	40	10	3	2	14	2	30	
25	2
18	67	94	91	47	23	71	12	68	14	49	49	20	71	53	32	49	14	70	98	24	11	57	89	16	
4	10	35	9	5	7	29	3	8	4	19	14	3	35	16	3	20	6	9	36	8	4	27	34	3	
7	23	26	12	4	4	8	3	28	1	5	18	5	31	11	10	23	2	20	12	7	3	20	37	4	
25	2
93	42	82	93	43	100	57	90	61	51	27	92	50	48	84	41	73	18	74	40	54	38	72	71	71	
29	9	11	24	7	34	9	15	17	10	2	27	8	9	11	11	21	6	15	13	23	5	33	35	18	
42	7	8	17	14	48	22	27	23	15	7	27	12	23	12	7	33	5	29	19	12	5	20	31	22	
25	2
43	68	61	82	74	39	79	99	57	96	85	92	25	51	22	65	45	94	47	31	24	32	13	63	48	
10	12	6	11	25	7	13	49	20	28	31	15	4	18	7	24	5	25	18	4	8	7	3	28	17	
9	10	20	31	33	16	13	42	26	34	12	35	5	15	5	23	15	14	23	13	5	3	3	23	6	
