30
250	2
80	21	82	95	49	98	71	53	78	91	41	18	41	91	94	17	48	31	67	44	55	68	91	38	72	43	95	40	70	30	64	76	89	42	41	101	77	27	56	86	50	40	63	22	61	98	99	18	27	88	59	23	62	92	90	89	26	13	57	42	17	82	19	39	46	44	23	101	37	34	20	14	95	40	70	19	87	100	23	33	18	21	64	18	19	87	62	76	19	31	12	25	12	73	42	65	77	42	51	76	19	30	52	15	38	42	20	71	13	45	91	74	34	12	67	22	55	39	60	11	32	65	52	56	100	61	29	75	60	38	58	90	50	28	93	17	101	40	54	81	31	15	70	58	96	100	63	36	87	92	64	100	71	16	28	54	70	59	88	13	60	90	101	80	78	74	97	66	64	23	73	74	68	17	46	52	51	63	80	84	18	20	11	30	64	85	81	47	96	63	91	24	100	69	80	85	85	64	42	38	29	19	12	94	89	62	16	22	57	59	72	34	73	87	17	64	63	21	97	99	21	30	89	16	19	71	86	73	71	74	15	27	88	71	85	15	81	34	18	52	37	17	93	50	38	35	58	29	42	83	
8	3	8	6	4	8	6	6	3	8	5	3	4	3	5	3	4	4	3	5	6	6	8	3	5	3	11	3	3	2	7	3	3	4	3	7	7	3	6	6	5	4	7	3	3	11	5	2	4	4	4	2	2	3	8	3	2	2	3	4	3	8	3	4	4	3	3	10	2	3	3	2	10	4	6	3	5	7	2	4	2	2	4	2	3	4	2	7	3	4	2	4	2	8	3	3	5	4	2	3	2	3	3	3	5	2	2	8	2	3	5	7	3	2	4	2	3	4	6	2	3	3	4	4	10	5	4	3	5	5	4	4	4	2	5	2	10	3	4	8	3	3	4	7	10	11	5	3	6	10	5	6	4	2	2	7	3	3	8	3	3	6	5	6	7	4	9	3	2	2	7	7	2	3	5	6	5	3	6	9	2	3	2	4	4	3	5	4	7	2	8	2	3	6	6	9	8	6	3	2	2	3	2	8	8	4	3	3	5	4	4	4	3	9	2	4	6	3	9	7	3	2	3	3	2	3	4	6	3	8	2	3	6	2	9	3	5	3	3	3	4	2	5	3	4	4	3	3	2	5	
5	3	9	9	5	3	3	5	7	4	4	2	3	10	10	2	2	3	5	5	5	3	7	5	8	2	4	4	7	2	6	3	9	2	5	7	3	2	2	5	6	4	6	4	5	7	3	2	3	3	2	3	3	3	3	8	4	2	5	5	3	8	2	4	4	4	3	11	5	4	2	2	3	4	8	3	2	4	4	4	3	3	4	2	2	10	7	7	2	4	3	2	2	6	4	2	8	5	6	7	3	4	5	2	4	4	3	7	2	3	6	8	3	2	8	3	3	2	7	2	3	3	5	5	3	3	2	3	4	5	5	3	5	3	9	2	6	3	6	7	4	2	3	2	4	7	5	2	10	5	7	3	4	2	3	6	8	7	4	2	5	10	5	7	2	6	4	7	3	3	5	6	5	3	5	5	3	3	6	3	2	3	2	4	4	6	9	5	5	3	3	2	3	4	8	3	8	4	3	3	4	3	2	10	9	7	3	2	6	6	2	3	4	6	2	6	8	2	8	8	2	2	4	2	2	7	7	5	6	5	3	2	10	3	10	2	2	4	2	5	4	3	10	2	3	4	3	3	6	2	
250	2
94	95	56	26	99	88	65	80	38	62	38	95	52	30	15	44	55	13	38	89	65	93	12	99	58	51	59	44	48	31	62	82	98	13	20	53	20	63	12	62	21	50	67	21	40	88	49	61	90	37	37	40	77	91	85	56	81	37	21	13	47	100	33	50	15	95	72	66	76	13	55	89	64	71	74	16	60	13	89	99	21	71	96	74	84	93	12	83	30	79	32	85	47	12	61	30	22	25	68	58	28	69	40	63	20	90	100	21	83	54	43	18	11	92	83	16	17	52	48	76	98	74	16	37	93	31	47	85	76	96	28	34	35	42	20	83	32	25	34	99	26	87	43	65	47	29	46	70	86	63	43	66	17	54	17	33	61	49	67	13	35	47	55	14	13	28	90	94	12	97	60	60	101	46	75	51	67	95	50	96	67	38	49	91	38	54	88	77	31	91	76	91	72	20	100	65	65	43	69	65	60	83	31	101	82	55	31	87	100	78	31	52	46	36	31	38	29	41	31	97	26	23	23	72	101	77	45	76	67	42	83	67	32	53	78	70	52	60	16	27	38	59	100	42	31	100	87	94	98	14	
4	6	5	4	5	3	5	5	4	5	5	3	2	2	2	4	5	2	4	7	2	5	2	8	3	5	5	3	4	4	6	3	6	2	3	2	2	5	2	3	2	6	7	2	5	8	6	2	7	3	3	3	3	10	8	3	6	5	2	2	2	8	4	6	3	7	7	4	7	2	6	6	4	4	3	2	2	2	7	6	3	6	9	4	6	4	2	4	4	3	4	8	3	2	6	2	3	3	5	6	4	5	3	7	3	8	9	2	7	6	5	3	2	7	2	2	3	4	6	8	10	5	2	4	5	2	4	7	7	4	3	4	3	5	2	9	3	2	5	10	3	9	4	5	5	2	5	5	9	3	5	7	2	5	2	5	5	3	5	3	4	3	4	2	2	2	8	8	2	7	4	4	8	5	3	4	5	8	3	9	6	4	3	5	3	6	6	8	2	5	2	4	7	2	10	3	3	4	3	7	6	7	4	5	3	5	2	3	4	6	2	2	4	4	4	5	4	4	3	3	3	2	3	3	4	5	2	4	7	2	7	6	3	3	4	7	3	5	3	3	3	3	4	5	4	11	5	6	8	2	
8	8	2	3	8	7	4	3	4	6	5	5	6	2	2	6	3	2	5	4	7	7	2	9	3	4	6	6	4	4	4	5	9	3	2	2	2	3	2	4	3	5	4	3	2	3	4	3	4	4	3	5	4	7	2	4	9	5	3	2	2	3	4	5	2	3	8	3	8	2	6	5	4	6	5	2	2	2	6	8	2	8	7	6	9	10	2	3	3	8	4	6	5	2	6	3	2	3	3	3	3	5	2	2	3	8	5	2	6	2	5	2	2	3	3	2	2	2	5	2	7	4	3	4	10	4	5	8	3	7	2	4	3	5	3	5	2	3	3	7	3	8	6	6	4	4	5	6	3	7	3	7	2	4	3	3	7	6	3	3	4	3	5	2	2	2	3	4	2	4	5	4	6	2	3	6	8	5	4	11	4	5	6	4	3	4	6	6	4	10	5	7	8	2	9	4	4	6	6	3	5	4	3	5	2	2	4	10	3	5	4	4	3	3	4	5	4	2	2	4	2	3	3	5	10	8	4	6	3	3	3	7	3	6	4	5	4	3	2	4	2	4	9	4	3	3	9	8	8	3	
250	2
65	30	54	19	92	82	18	34	26	82	76	74	54	16	14	67	41	55	32	22	18	69	27	12	89	80	97	65	34	98	82	30	18	99	54	85	89	66	28	41	19	50	80	12	66	14	91	40	14	92	54	59	48	15	59	16	75	40	92	13	50	49	30	18	15	32	76	28	82	95	19	99	60	11	69	95	24	57	72	41	43	68	78	88	84	50	96	86	61	32	89	48	27	32	21	20	66	30	88	90	81	38	68	54	43	12	21	32	25	81	85	22	91	91	90	90	14	60	95	81	88	46	40	68	94	86	26	75	78	32	60	81	34	89	12	65	62	68	34	89	64	44	58	62	39	38	54	57	13	70	30	80	24	95	101	73	46	80	73	91	16	95	67	92	72	61	53	26	41	12	32	91	94	101	54	52	86	70	90	32	15	100	90	82	55	32	58	90	83	14	76	66	21	51	46	71	98	19	78	60	23	68	80	96	90	71	77	24	69	99	20	41	69	23	101	31	87	98	34	86	38	81	98	37	89	83	33	84	32	19	74	95	93	39	43	67	41	85	50	15	49	72	22	75	48	100	21	65	71	87	
7	4	2	2	3	6	3	5	4	9	5	8	6	2	2	6	3	3	4	3	3	4	3	2	4	6	3	4	3	6	6	4	3	7	3	6	8	7	3	5	2	3	8	2	8	2	9	3	2	6	3	5	2	3	6	3	8	3	10	2	4	4	4	3	2	4	5	2	9	5	3	4	4	2	4	3	3	7	8	3	4	7	5	6	6	6	10	4	3	3	5	4	3	2	2	2	3	3	10	7	6	2	6	3	5	2	2	3	2	3	2	3	7	9	6	5	3	4	3	8	9	3	3	8	3	7	2	8	7	3	6	7	2	9	3	3	6	5	4	3	7	4	5	2	4	4	3	4	3	4	3	6	2	11	7	4	4	9	8	7	3	11	5	6	4	3	3	3	5	2	5	4	9	6	3	5	6	4	8	2	2	11	8	4	3	2	7	4	2	2	8	5	2	4	3	4	4	2	6	4	3	3	7	10	10	4	4	2	7	8	3	4	5	3	9	4	3	7	3	4	3	5	10	5	6	7	3	4	4	2	7	8	9	4	3	4	4	9	3	2	2	3	3	9	3	6	3	4	4	3	
6	4	5	3	10	4	3	4	3	7	9	9	2	2	2	5	5	3	2	3	2	6	2	2	8	4	3	4	4	4	6	3	3	6	4	7	8	5	3	4	3	3	3	2	6	2	6	3	2	6	4	3	3	3	5	3	5	3	4	2	4	6	4	2	2	2	6	4	4	9	2	7	6	2	7	6	3	6	6	4	5	7	5	3	6	2	8	7	4	2	5	3	3	2	3	2	4	3	6	3	5	2	5	4	2	2	3	2	4	3	10	2	3	10	6	9	2	6	10	3	6	3	4	4	9	10	3	8	6	3	4	5	3	4	2	4	3	2	4	7	3	4	6	5	4	3	3	6	2	4	4	8	2	8	6	3	2	3	8	9	3	8	4	4	6	2	4	2	3	2	3	7	6	11	2	6	3	5	7	3	3	8	5	9	4	3	3	5	5	2	6	4	2	4	5	4	8	3	3	7	3	8	3	4	10	6	6	4	2	9	3	4	5	3	6	4	7	7	4	7	5	4	7	2	3	5	4	6	3	3	9	11	4	3	4	6	3	10	6	2	3	5	2	3	4	3	3	8	2	2	
250	2
67	83	93	38	48	59	19	39	101	36	84	75	29	97	79	34	54	72	26	29	84	11	57	31	32	11	13	22	30	83	44	17	11	31	100	57	96	27	25	96	25	87	16	99	13	44	94	91	53	42	89	50	89	34	43	54	63	43	71	59	62	23	88	95	72	41	86	31	66	49	24	101	84	86	46	89	30	94	22	31	55	24	57	54	30	52	49	38	40	21	92	61	18	89	66	91	55	29	91	64	14	91	64	28	27	63	79	15	91	31	66	65	30	49	38	60	37	18	89	38	55	80	60	13	73	64	55	31	83	50	69	94	46	31	21	30	88	47	69	37	54	97	97	31	36	99	35	19	87	27	12	57	19	19	60	93	51	47	74	52	86	68	96	81	16	58	77	42	50	42	73	85	58	42	83	11	101	53	93	70	79	79	52	14	55	87	29	42	46	50	65	41	40	94	79	92	59	100	82	80	18	35	70	100	19	66	46	62	45	16	88	44	33	35	21	62	42	42	15	16	32	21	91	98	38	42	60	52	71	27	58	25	87	69	78	39	25	49	92	37	19	14	12	37	78	36	100	64	54	89	
3	8	8	3	4	3	3	2	7	3	6	8	4	7	3	3	3	2	3	2	6	2	5	3	2	2	2	3	3	5	3	3	2	2	3	2	8	4	3	5	2	6	2	8	3	2	3	5	5	2	8	3	4	4	2	5	7	5	6	5	6	3	6	3	6	4	3	3	6	4	3	11	4	9	4	8	2	9	4	4	5	2	4	4	3	5	6	3	3	2	6	3	2	4	5	10	5	4	10	6	2	5	5	3	4	6	9	3	8	2	2	4	2	6	3	7	5	2	8	5	2	3	6	2	5	7	6	4	7	5	5	5	2	4	2	4	8	5	3	5	4	8	8	3	2	6	4	2	6	3	2	5	2	3	5	4	3	6	3	3	3	7	9	3	3	7	6	4	6	5	4	4	6	6	7	2	9	3	3	3	6	5	4	2	4	8	2	3	5	3	4	5	5	4	4	5	3	9	6	7	3	4	3	11	2	5	6	3	5	2	4	5	2	2	3	6	5	4	3	3	2	3	5	3	4	5	3	4	8	3	4	3	8	7	6	4	4	5	3	4	2	3	2	4	7	2	4	5	3	4	
2	4	6	4	6	3	3	4	11	2	9	6	4	5	5	4	6	7	4	3	5	2	5	4	3	2	2	3	3	3	3	2	2	3	11	5	7	4	2	11	2	8	3	4	2	4	7	4	4	2	6	2	9	2	5	3	5	4	8	2	7	2	3	8	3	5	9	3	6	5	3	9	9	6	6	8	4	9	3	2	3	3	6	5	3	3	5	4	3	3	4	5	3	6	3	7	3	3	7	8	3	8	5	2	3	4	6	3	3	4	4	7	2	4	2	7	2	3	9	5	2	6	7	2	4	7	7	4	7	5	3	7	4	3	3	4	10	4	8	3	3	8	6	3	4	10	2	3	3	2	2	5	2	3	4	4	6	6	2	3	5	3	2	5	3	7	8	2	5	3	9	4	5	3	7	2	3	2	6	4	6	5	4	2	4	4	2	3	4	4	6	3	3	8	6	8	4	9	4	3	2	3	6	10	2	7	5	7	5	3	4	5	4	3	2	4	4	4	2	2	4	2	7	6	4	5	2	5	3	3	3	4	8	2	9	4	4	2	7	4	2	2	2	5	3	2	4	3	3	6	
250	2
14	30	22	81	46	55	18	34	19	97	14	84	101	72	61	66	99	19	18	19	97	28	11	24	100	18	11	31	42	13	79	55	78	26	79	91	44	53	51	99	20	19	25	68	30	39	14	91	58	77	30	18	78	11	20	14	66	95	91	50	27	49	59	92	35	70	39	60	37	82	76	52	89	48	84	84	74	16	84	85	51	17	88	30	95	70	28	86	54	35	95	12	23	39	16	32	63	60	25	91	85	31	32	96	27	37	64	42	89	35	25	97	55	21	84	67	86	49	12	15	17	92	49	29	32	41	59	97	99	17	86	30	95	100	49	31	21	61	54	89	48	80	12	81	48	21	42	84	101	52	69	42	13	62	90	70	82	32	37	14	11	57	23	22	85	66	92	24	23	16	45	99	49	63	48	50	53	70	86	59	25	35	60	88	55	34	96	21	61	48	18	44	53	62	18	69	91	78	84	82	77	23	85	61	28	86	58	15	11	54	101	77	61	88	26	86	49	56	70	65	44	93	68	37	40	27	97	66	92	34	25	65	82	21	49	78	16	13	90	14	75	69	77	73	41	28	42	71	64	72	
2	2	3	6	3	5	3	2	3	10	2	6	6	5	4	4	7	3	2	2	7	4	2	3	6	3	2	4	5	2	9	5	9	2	9	4	4	2	2	9	3	3	3	6	2	3	3	9	3	5	4	2	4	2	3	2	4	3	10	2	3	3	3	6	2	4	3	7	2	8	8	5	5	4	3	4	8	2	6	9	6	3	8	4	10	5	3	9	5	3	9	2	2	4	2	4	5	4	4	8	3	4	3	4	2	3	5	2	8	3	2	8	6	3	8	8	5	3	2	2	2	6	4	3	4	4	3	5	10	3	3	2	8	7	4	3	2	3	6	6	3	3	2	8	4	3	5	6	7	6	3	5	2	3	9	6	9	2	3	2	2	4	2	3	4	4	3	2	3	2	3	9	3	3	5	4	6	4	5	5	3	5	3	8	3	3	7	2	3	6	3	4	5	6	3	3	5	4	9	6	3	3	5	7	4	9	3	3	2	7	10	6	5	7	4	6	6	7	5	6	3	4	6	2	3	4	3	7	3	4	3	7	8	2	5	7	3	2	3	2	5	6	7	5	2	3	5	8	6	6	
2	3	3	3	3	3	2	4	3	10	2	3	6	3	3	4	10	3	2	2	4	3	2	3	8	2	2	4	3	2	9	4	9	4	5	10	3	4	4	8	2	3	3	4	2	5	2	6	4	9	3	3	6	2	3	2	3	4	5	4	4	3	4	8	2	6	4	3	4	4	3	6	10	5	9	8	3	2	5	3	2	2	5	3	3	7	3	8	6	4	4	2	3	5	2	4	2	5	2	8	5	3	2	3	3	4	5	4	4	3	2	4	3	3	7	5	8	5	2	3	2	9	6	4	3	3	4	10	4	3	6	2	9	3	5	4	3	4	5	10	6	8	2	9	6	3	4	7	8	6	3	4	3	2	8	4	6	3	3	2	2	3	4	3	5	4	6	2	4	3	3	4	2	8	6	5	4	3	7	3	3	2	5	5	5	2	3	3	5	3	2	3	6	5	3	3	9	2	2	8	2	2	3	5	2	3	6	2	2	3	6	3	4	9	4	7	4	4	7	2	6	6	2	2	4	3	7	2	8	3	3	3	8	3	4	7	2	2	8	2	4	4	3	5	3	3	2	6	8	4	
250	2
30	62	84	32	63	64	22	53	38	19	35	84	79	16	37	70	14	39	13	50	16	35	46	75	60	82	67	78	90	87	66	76	61	20	47	86	70	18	11	100	83	17	30	11	63	33	77	83	57	24	48	37	31	58	29	98	46	13	55	48	79	26	84	53	29	93	80	11	72	39	74	11	68	85	59	67	42	70	37	99	50	29	45	46	63	81	59	90	13	29	37	44	92	78	37	22	55	21	36	48	47	99	39	36	28	83	46	100	14	46	96	57	49	95	90	50	45	33	13	50	90	80	100	11	90	82	50	19	91	31	73	22	61	59	25	101	63	39	27	65	80	88	87	14	84	85	42	74	14	32	70	64	32	32	66	19	54	78	20	36	19	84	85	54	59	45	86	41	69	36	80	51	17	55	35	43	95	71	31	51	68	37	63	99	91	67	68	67	97	35	27	64	31	93	84	95	66	24	16	93	86	66	11	50	75	20	93	70	56	65	30	60	96	42	25	22	80	98	55	75	57	32	23	30	68	82	24	36	62	97	15	54	79	61	30	15	71	74	67	31	30	95	57	77	48	53	34	24	22	81	
2	3	3	2	7	6	2	2	2	2	5	9	5	2	3	7	2	3	2	6	3	4	4	4	5	5	3	4	4	5	7	3	6	2	3	2	4	2	2	8	5	3	3	2	7	2	4	5	3	3	4	4	4	2	4	10	4	2	3	5	5	3	9	6	4	9	5	2	4	4	7	2	4	10	6	2	5	5	4	8	3	3	4	5	3	8	7	9	3	3	4	3	3	7	5	2	2	3	2	4	6	5	5	4	4	5	4	3	2	3	5	3	5	9	10	5	6	4	2	6	4	5	4	2	10	7	3	2	9	4	6	2	4	7	4	9	6	5	2	2	6	5	8	2	6	6	2	5	3	5	4	5	2	4	5	2	5	5	2	2	2	8	3	7	7	4	4	5	4	3	3	3	2	7	2	2	7	7	4	4	8	3	5	8	6	6	8	7	3	2	4	6	4	10	4	10	6	2	2	9	5	5	2	5	9	3	9	5	2	6	4	3	4	4	3	3	7	11	6	6	6	4	3	2	4	8	4	5	7	10	2	3	9	7	2	2	8	3	5	3	2	11	5	5	5	3	4	3	3	7	
2	5	7	3	2	4	3	6	3	2	4	6	5	2	3	6	3	3	2	6	2	3	5	6	5	8	5	4	3	10	4	9	4	2	4	4	3	3	2	5	8	2	2	2	5	3	7	6	2	2	4	5	3	3	2	3	2	2	5	5	4	3	5	3	3	6	3	2	3	5	7	2	4	4	5	6	4	5	3	8	3	2	4	6	7	5	6	5	2	2	2	3	6	4	3	3	4	2	3	2	2	3	4	5	3	8	2	5	2	4	11	2	5	7	10	6	4	4	2	5	4	7	6	2	9	7	5	3	5	2	4	2	7	3	3	5	3	4	3	5	4	5	8	2	3	9	3	6	2	4	8	5	3	2	4	3	3	9	3	2	2	3	7	6	5	3	6	2	5	5	4	5	3	5	5	4	4	4	3	4	5	3	3	5	7	4	4	6	3	3	2	6	4	3	6	10	3	2	3	3	6	6	2	2	8	3	5	5	6	6	4	4	8	2	3	2	7	10	5	5	3	3	2	3	6	3	3	3	3	4	2	3	4	5	2	3	5	4	3	3	3	7	5	4	3	3	4	3	3	7	
250	2
21	60	22	25	84	90	47	29	62	59	85	48	97	80	93	19	36	97	76	93	24	51	44	94	76	66	59	95	34	52	74	38	76	57	41	69	51	37	15	59	77	54	33	75	100	46	29	17	53	94	88	99	85	58	40	81	15	73	91	23	73	15	91	35	90	29	69	99	65	77	90	65	62	74	69	21	77	24	19	54	83	52	81	92	24	85	43	73	80	60	57	52	84	25	74	58	39	78	70	42	18	98	17	31	47	95	83	73	82	43	84	26	40	71	73	14	49	100	31	78	93	17	83	25	83	18	98	26	83	56	45	13	12	86	89	51	99	13	14	90	100	48	101	37	65	24	24	76	37	16	90	99	90	41	83	74	99	47	19	52	68	28	83	72	68	49	86	73	30	37	75	34	50	98	64	40	51	64	93	70	73	42	42	17	25	66	51	89	39	93	51	86	101	55	45	98	50	34	78	56	42	98	65	76	54	14	67	87	86	99	100	88	89	37	23	64	69	60	19	70	61	86	77	34	69	63	86	16	29	92	70	81	76	95	74	45	77	83	63	88	11	69	73	54	19	89	12	64	47	77	
2	2	2	3	8	3	5	3	7	3	8	5	7	7	10	2	3	4	6	6	3	2	5	9	9	4	6	6	2	2	8	4	6	3	5	6	2	3	3	4	4	5	3	6	4	5	2	3	4	9	9	9	6	7	2	7	3	4	9	2	4	3	7	4	7	4	4	5	5	4	9	7	3	8	8	3	4	2	3	4	4	3	8	7	3	6	4	5	7	7	6	6	7	3	8	6	3	4	6	5	2	10	2	2	3	8	3	5	8	2	7	2	4	6	5	2	6	6	3	8	10	2	7	2	3	3	3	2	4	3	2	2	3	10	6	4	7	2	3	7	4	4	9	3	6	4	2	4	4	2	5	4	4	4	9	6	6	5	2	4	7	4	9	4	5	3	4	3	2	3	9	5	6	8	5	3	6	3	11	8	5	5	3	2	4	7	6	7	2	10	4	3	8	4	4	4	4	2	8	4	5	5	5	3	3	2	7	7	4	4	7	9	10	4	3	7	7	7	2	6	4	7	4	4	3	4	10	2	4	6	6	9	4	6	5	3	8	2	5	5	2	4	3	4	3	10	2	5	6	8	
3	2	3	4	8	3	4	4	2	6	9	6	9	3	9	3	4	10	6	7	3	5	4	11	8	5	5	8	2	4	8	4	4	7	3	5	3	5	3	3	7	6	2	3	9	3	4	3	2	10	3	3	8	5	4	6	2	4	10	2	7	2	2	4	10	3	4	7	3	3	5	6	6	2	6	3	7	3	2	7	3	5	5	7	2	3	4	8	4	5	3	3	6	3	5	6	3	8	8	2	3	7	2	4	3	8	5	5	4	4	3	4	4	7	8	2	6	5	2	7	8	2	3	2	9	3	5	4	6	6	4	3	2	5	2	3	5	2	2	6	6	4	11	5	6	2	2	8	3	2	10	3	5	2	7	6	10	4	2	3	4	2	3	8	5	3	4	7	3	3	3	5	6	4	4	5	5	2	10	6	8	5	4	2	3	6	3	3	4	10	4	8	5	5	3	6	4	4	7	4	4	10	2	4	3	3	5	5	6	9	7	7	9	4	2	3	4	5	2	8	4	2	8	3	4	2	7	3	2	9	8	6	8	5	5	5	7	9	7	4	2	8	5	5	3	9	2	5	5	4	
250	2
93	83	99	99	37	78	66	99	19	36	62	71	43	58	28	69	97	95	44	13	17	66	64	84	78	48	84	70	89	26	42	50	59	87	32	101	30	18	38	99	22	38	37	19	91	40	52	67	19	96	78	38	82	47	36	86	11	71	71	85	18	18	19	79	34	69	71	56	42	27	37	29	18	14	27	35	33	54	63	32	84	49	88	29	15	99	43	50	75	25	58	68	26	35	87	40	18	80	18	37	69	91	72	31	42	48	101	70	77	94	59	45	73	27	31	79	49	26	59	53	98	73	16	83	11	90	26	49	61	24	92	77	38	53	75	77	55	38	89	14	92	15	79	49	89	36	80	48	86	55	99	72	91	41	84	31	74	30	101	51	21	100	50	29	12	45	35	79	64	16	99	62	71	24	52	19	47	98	64	77	45	52	85	45	28	51	87	13	96	22	45	18	81	71	66	62	43	40	21	63	81	96	15	45	99	23	63	16	90	84	15	72	68	96	76	83	62	67	28	82	30	38	71	44	61	92	42	88	55	38	60	83	49	91	90	22	30	20	95	52	17	65	94	30	101	92	48	71	28	76	
5	7	6	5	3	3	6	3	3	4	6	5	2	4	3	5	5	9	4	2	3	7	5	5	7	4	6	7	10	3	3	6	3	9	4	9	4	3	4	10	2	2	2	2	3	3	4	6	3	10	6	5	5	3	4	3	2	3	7	3	3	2	3	8	2	2	8	6	5	3	2	4	2	2	2	2	3	6	4	4	6	5	9	3	2	7	6	6	7	2	6	5	2	5	10	3	2	5	3	5	4	7	6	4	4	6	9	8	3	10	7	5	6	4	2	6	5	3	5	3	10	2	2	7	2	3	3	6	6	3	9	3	3	6	4	8	6	4	3	2	5	2	4	4	7	4	7	5	4	2	7	7	4	3	2	4	2	4	11	5	3	8	3	2	3	2	4	6	4	2	7	7	7	3	4	3	6	8	5	5	6	6	3	5	2	5	8	2	11	3	3	3	5	8	6	5	2	4	3	6	4	9	2	5	5	3	7	3	9	5	2	4	3	6	7	7	4	4	2	7	2	3	4	2	7	6	2	4	5	4	7	6	6	9	8	3	3	2	8	4	2	2	10	4	8	5	6	2	4	7	
9	3	3	11	4	6	6	4	3	5	3	7	3	6	3	3	8	7	6	2	3	4	3	9	5	2	8	8	3	2	5	4	4	2	4	11	2	2	5	3	3	2	3	2	6	4	4	4	3	4	6	2	6	6	3	9	2	7	4	7	2	2	2	5	2	6	7	4	5	3	5	4	3	2	3	3	2	6	6	4	6	4	4	2	2	6	4	3	7	4	7	5	2	2	5	2	3	4	2	5	6	10	9	3	6	4	3	2	7	9	7	4	4	3	3	4	5	2	3	5	3	2	2	8	2	10	4	4	6	3	6	4	4	4	6	4	4	4	10	3	8	2	5	5	8	3	7	3	7	2	10	4	8	3	5	3	3	4	5	3	3	4	6	2	2	3	5	8	5	2	6	5	7	3	5	2	3	3	3	6	3	5	5	3	3	5	8	2	7	3	5	2	3	2	8	2	5	5	3	6	5	5	3	2	4	3	2	2	5	4	2	8	6	10	5	2	7	4	2	6	4	3	4	3	4	10	5	6	5	4	4	3	3	7	8	2	2	3	3	4	3	8	7	3	10	11	5	5	3	6	
250	2
99	16	56	72	14	36	44	59	54	62	88	100	57	52	98	45	65	28	26	83	89	48	42	65	18	71	93	65	88	12	75	30	21	83	99	93	17	94	24	88	73	88	18	87	60	90	15	81	34	45	67	30	44	74	91	89	50	86	93	73	79	97	50	47	78	39	20	11	60	16	55	82	66	99	25	76	11	82	30	86	86	98	82	46	18	38	13	70	86	85	11	11	37	86	89	15	64	57	42	62	70	79	76	12	73	49	82	32	18	83	16	50	83	98	83	91	86	12	85	77	33	24	53	50	46	36	44	39	72	40	61	54	19	99	55	83	76	89	16	35	48	57	61	73	66	57	20	65	91	33	48	56	45	73	27	87	101	24	53	41	34	30	62	64	79	18	88	48	79	27	40	89	57	83	13	93	27	22	31	84	95	53	48	40	67	34	90	62	57	52	18	82	65	81	79	46	76	83	78	46	17	47	13	59	43	96	85	92	67	64	15	81	54	48	67	89	18	45	84	101	55	58	28	32	68	80	59	36	55	90	64	53	23	19	18	71	22	38	69	47	34	76	78	37	76	101	92	21	87	44	
4	2	5	6	2	2	5	4	5	3	10	10	3	6	8	3	5	4	3	7	9	5	4	4	3	7	6	4	10	2	7	3	2	9	4	6	3	6	2	4	4	5	3	5	6	7	3	5	3	3	6	4	3	2	6	4	3	8	9	7	6	10	2	3	8	2	2	2	7	3	5	5	4	11	3	4	2	3	4	6	7	9	9	4	2	3	2	5	3	5	2	2	4	6	6	2	5	3	3	7	7	6	5	2	7	6	6	2	3	4	3	3	3	10	4	6	6	2	5	4	4	3	3	5	5	2	6	3	5	4	3	5	2	9	4	4	8	4	2	2	6	3	3	7	2	7	2	8	8	3	5	6	2	3	2	9	3	2	2	3	4	4	6	6	5	2	3	3	7	2	2	9	5	9	2	11	3	3	4	9	6	2	3	5	6	4	6	7	4	4	2	4	6	8	9	4	9	9	7	5	3	4	2	4	3	3	9	4	4	5	3	5	4	5	4	6	2	3	5	10	6	4	4	2	3	5	3	3	6	4	5	2	3	3	2	7	3	5	2	3	2	6	7	5	5	11	4	3	10	3	
10	2	6	7	2	2	4	5	5	6	3	7	6	5	5	2	3	2	4	6	8	2	4	5	3	6	6	4	6	2	7	3	3	8	7	10	3	7	3	9	7	3	2	4	7	8	2	3	2	3	5	2	3	4	8	7	6	10	7	8	3	4	4	2	5	5	2	2	4	2	4	4	6	11	3	4	2	3	4	7	4	3	5	3	2	4	2	4	6	7	2	2	5	9	4	2	5	6	5	5	3	7	6	2	6	4	4	2	2	8	3	5	5	5	8	8	5	2	3	4	5	4	3	6	6	3	5	2	6	5	6	6	2	5	5	8	3	9	3	3	6	6	7	3	4	6	2	2	3	2	5	3	2	5	3	7	4	3	4	2	3	2	6	5	6	3	6	3	5	4	3	6	7	9	2	2	2	3	3	6	3	6	4	2	5	2	5	6	5	2	3	9	4	4	9	6	3	9	6	3	2	3	3	4	2	8	7	4	6	7	2	9	7	4	4	3	3	4	3	6	3	6	3	3	4	4	4	3	5	7	3	2	3	2	3	4	2	4	8	5	4	4	6	4	5	4	5	2	10	3	
250	2
40	53	38	41	97	58	48	15	32	38	35	41	68	99	42	33	56	96	62	21	67	72	40	77	21	79	39	37	42	97	36	60	14	29	53	51	74	77	82	90	43	66	44	23	74	41	92	16	12	100	11	91	49	66	54	15	26	12	21	80	38	58	54	13	37	26	87	54	17	33	71	11	75	52	52	17	75	20	17	97	101	12	30	56	59	58	95	84	32	64	49	80	33	60	78	47	52	19	44	13	95	44	69	37	100	50	40	47	101	73	52	33	78	89	100	93	63	86	28	89	68	39	64	71	96	81	38	31	31	70	64	13	31	90	88	71	44	69	21	77	97	74	97	52	48	56	33	14	21	51	87	41	18	33	60	28	52	93	51	19	74	27	12	78	61	63	54	43	12	20	32	91	21	40	53	48	66	29	38	47	30	38	79	61	42	71	40	20	20	32	11	89	88	100	50	65	39	75	100	91	55	48	49	72	66	66	55	30	30	53	56	55	25	83	19	32	72	32	29	67	57	99	87	90	41	71	16	41	53	67	24	99	63	31	62	58	58	28	53	15	37	18	61	23	40	45	23	35	48	79	
3	6	4	5	9	3	6	2	2	4	4	4	7	10	2	2	4	7	3	3	6	7	4	6	3	4	3	4	6	5	5	6	2	3	3	5	8	4	3	4	4	3	4	3	8	3	8	3	2	8	2	8	5	6	6	3	3	2	2	6	3	5	5	2	2	3	6	2	2	4	5	2	7	4	5	2	6	2	2	11	8	2	3	5	6	7	6	8	4	5	4	4	3	3	4	6	4	3	5	3	8	5	3	3	11	4	2	4	4	5	3	4	4	3	9	8	4	5	3	8	8	4	5	5	9	3	2	3	4	4	5	2	4	3	4	7	5	8	2	7	7	3	8	5	3	5	3	3	3	4	9	3	3	3	7	2	4	10	6	3	6	3	2	9	6	7	6	4	2	3	2	8	3	2	5	2	6	3	2	6	4	2	6	7	4	6	5	2	2	2	2	7	8	3	3	7	4	5	5	3	5	6	5	5	5	8	7	3	4	2	4	6	4	6	2	4	8	5	2	6	2	5	7	8	4	3	3	4	2	7	2	11	8	4	2	4	5	3	2	3	5	2	6	4	2	6	3	3	3	5	
4	3	2	4	5	6	3	2	4	3	4	4	3	9	5	4	2	10	3	2	3	4	5	3	3	5	4	2	4	7	3	7	2	2	6	5	4	7	9	4	3	5	3	2	6	5	10	3	2	8	2	9	4	4	3	3	4	2	2	9	3	6	4	2	4	3	3	3	2	4	8	2	3	4	5	3	5	2	3	3	9	2	3	4	6	6	3	8	5	7	5	6	2	3	8	5	4	2	3	2	9	5	4	3	6	4	4	3	7	8	3	3	9	5	7	5	6	9	4	7	4	3	3	2	4	9	3	3	3	4	6	3	3	8	8	6	3	6	2	3	11	5	11	5	6	4	3	2	3	5	7	3	2	2	4	2	6	3	5	2	4	2	2	7	3	5	3	3	2	3	3	3	2	4	4	4	7	3	4	6	2	4	8	4	3	4	2	2	3	2	2	10	5	8	5	3	4	5	5	8	3	4	4	7	6	3	5	4	4	2	4	5	3	6	2	3	7	2	4	3	5	10	7	7	3	6	2	4	2	7	3	9	7	4	4	4	4	4	3	3	4	2	4	4	3	5	3	2	5	5	
250	2
26	50	12	39	93	47	31	27	53	66	96	98	15	48	53	94	21	84	14	93	67	70	31	89	57	74	91	63	38	62	43	22	85	19	19	62	64	24	47	65	19	50	75	35	74	76	23	98	50	50	88	16	25	59	74	44	46	41	98	62	64	33	13	34	66	98	98	17	84	29	68	24	74	72	46	52	57	42	64	42	73	28	76	91	78	48	17	91	70	15	11	97	66	98	99	18	63	40	25	71	15	25	96	53	80	89	30	31	46	16	96	61	88	16	27	18	94	59	91	70	92	101	69	93	69	37	67	51	79	70	34	51	20	96	85	29	100	87	17	61	67	18	83	101	29	97	88	25	55	41	55	96	18	53	79	13	101	94	66	70	69	66	18	90	82	71	95	48	41	60	91	54	86	93	83	60	38	46	93	22	65	59	80	45	30	34	33	16	50	16	70	16	89	30	92	42	45	69	19	50	27	44	77	46	68	30	11	36	94	89	61	42	65	29	80	95	85	22	65	21	81	97	101	48	56	57	97	87	50	60	74	60	92	65	33	19	38	82	63	56	34	35	34	27	15	50	75	69	45	41	
5	7	2	6	17	7	6	4	6	8	12	18	2	6	7	17	4	11	2	12	12	9	6	15	11	14	10	13	5	9	5	4	11	2	4	11	10	4	9	10	2	7	14	5	15	9	4	19	10	8	11	3	4	7	12	8	9	8	12	8	7	6	3	5	13	19	18	3	13	6	8	4	11	10	6	6	10	7	13	6	13	4	8	13	16	9	3	10	14	2	2	19	10	17	13	2	8	7	4	8	3	5	11	10	9	13	4	6	7	3	13	8	18	2	4	2	15	11	16	11	18	19	13	15	9	4	11	7	9	8	5	6	3	18	13	6	18	16	3	10	14	3	12	13	4	17	10	5	11	5	9	17	2	7	9	3	18	16	8	8	10	9	4	15	15	9	13	9	7	12	12	10	14	18	11	8	5	7	12	4	8	8	10	5	6	7	4	3	6	2	11	3	15	4	16	7	7	11	3	7	6	5	10	9	12	5	2	4	10	15	8	7	10	3	10	16	15	4	10	3	14	11	13	10	10	10	16	16	10	9	13	8	11	12	5	3	6	10	10	7	7	4	5	5	2	7	15	10	6	8	
4	8	2	6	15	7	6	5	6	11	11	13	3	9	8	11	3	13	2	11	9	10	4	16	8	14	13	12	7	7	8	3	10	3	2	9	11	5	8	12	3	7	10	7	9	15	5	19	6	8	17	2	3	8	9	9	8	5	12	11	10	4	3	4	10	19	14	2	16	5	13	4	13	10	8	10	11	7	7	6	9	6	8	16	9	7	3	15	9	3	2	14	11	17	18	3	11	5	3	9	2	3	18	8	14	9	5	6	5	3	11	7	11	3	4	4	17	7	11	7	15	18	14	12	12	5	13	8	10	9	6	6	3	12	9	4	19	12	2	7	11	2	10	17	5	14	15	5	7	5	11	12	3	6	8	3	11	11	12	12	14	11	2	10	11	11	15	8	8	9	13	11	9	15	13	9	5	7	18	4	10	10	16	7	4	4	5	3	6	3	14	2	10	6	10	8	5	13	4	7	4	9	14	9	7	6	2	5	12	16	12	7	10	5	12	19	12	3	9	3	9	11	13	8	8	9	11	14	10	9	12	12	11	8	4	4	7	9	7	10	4	6	5	4	2	6	15	8	5	7	
250	2
61	11	55	63	64	21	36	39	19	55	95	60	71	93	98	47	94	35	15	89	82	25	87	75	79	57	62	38	73	90	47	21	88	77	50	11	11	81	67	27	59	28	41	51	69	12	11	67	38	16	81	73	19	94	85	12	27	58	21	91	72	77	41	21	49	45	80	98	53	44	73	80	96	22	75	101	17	29	55	85	39	47	100	73	58	37	49	37	59	89	49	56	40	34	92	61	32	101	43	15	37	95	97	95	45	30	41	96	35	66	49	29	30	93	72	24	55	12	27	26	19	90	99	47	101	32	29	36	61	96	27	24	79	17	89	11	21	55	91	54	81	37	97	42	34	62	98	49	62	33	85	54	23	50	72	57	38	49	60	62	75	72	69	40	89	58	46	46	69	43	21	26	49	11	53	100	15	64	49	32	67	47	28	56	48	65	42	85	41	13	49	74	64	100	22	86	51	28	60	99	92	52	34	49	37	55	67	38	51	39	61	63	86	93	69	40	83	47	28	57	23	56	65	51	22	19	67	37	96	34	72	58	78	74	70	31	79	68	36	59	72	60	41	70	71	71	59	83	53	61	
10	2	6	10	9	3	7	5	3	8	15	7	10	19	15	9	17	5	2	16	11	5	14	12	10	8	11	7	12	15	9	3	12	15	6	2	2	12	12	5	9	6	5	8	13	2	2	10	5	2	11	12	3	17	13	2	5	11	4	14	11	11	5	4	8	7	16	12	8	9	15	14	17	3	14	18	3	5	9	10	6	7	16	14	10	5	8	5	7	13	6	11	8	7	13	10	6	15	7	2	6	17	11	11	8	5	6	19	6	8	8	5	5	14	10	4	10	2	5	4	4	11	18	5	12	6	6	7	7	11	3	4	11	3	14	2	4	6	15	10	12	6	16	6	6	9	14	8	7	6	10	11	3	6	8	10	6	6	11	8	14	12	8	8	18	11	5	7	11	8	4	5	7	2	8	17	2	8	7	5	12	7	6	11	6	12	8	9	8	3	9	10	12	18	3	13	8	5	9	12	18	9	4	7	7	9	13	7	7	6	8	10	14	18	12	5	16	9	3	7	3	7	13	7	3	2	10	5	10	5	13	8	12	15	14	5	8	9	6	11	12	11	5	11	14	9	11	10	11	9	
7	2	9	8	10	4	7	7	3	7	15	7	14	16	20	6	12	6	3	11	10	5	12	9	10	8	10	7	15	10	7	4	16	11	8	2	2	10	11	4	12	6	8	9	12	2	2	13	7	2	14	10	3	16	14	3	5	10	3	15	10	11	8	4	10	9	14	14	10	8	14	10	17	3	15	12	2	5	8	10	5	7	15	9	9	7	6	7	11	14	10	10	7	4	19	11	6	18	8	2	7	15	16	14	9	6	5	15	7	9	6	4	4	16	13	3	8	3	5	4	3	15	11	6	15	5	4	6	10	14	4	4	13	2	10	2	3	11	13	8	16	6	12	7	5	12	17	7	9	6	12	11	3	10	9	12	7	9	8	7	14	9	11	6	13	9	9	8	13	6	3	4	6	2	10	11	3	11	6	6	11	6	4	10	6	8	8	16	5	2	5	10	11	13	5	16	8	5	7	19	12	10	5	9	6	10	13	4	8	4	10	10	11	14	10	7	13	8	4	6	4	9	8	6	3	2	10	5	19	7	9	12	9	12	13	6	11	13	6	10	10	11	8	11	12	14	11	14	11	8	
250	2
84	63	26	35	40	52	95	66	42	101	26	33	46	62	86	41	56	22	55	73	53	44	83	12	35	49	93	27	16	26	32	52	63	27	74	22	57	53	101	80	70	65	50	14	97	23	70	82	77	12	92	70	73	41	32	93	71	44	97	46	85	63	63	18	90	90	68	69	94	66	24	33	54	62	79	90	100	88	68	36	53	80	15	19	70	88	99	15	99	70	96	93	35	100	13	67	40	69	80	28	24	92	79	58	19	31	99	99	63	81	93	40	59	25	93	97	30	50	37	54	62	37	96	59	94	43	90	13	80	87	23	61	36	50	14	55	96	22	41	100	42	57	95	55	98	12	68	76	46	94	60	88	97	47	32	59	34	74	93	74	53	94	27	67	46	82	76	37	83	24	29	58	13	89	44	83	101	57	90	89	56	44	61	76	99	68	40	22	35	59	81	19	78	73	52	54	88	74	68	31	62	52	28	65	70	89	28	40	23	28	31	21	16	18	44	15	76	64	22	13	94	50	66	19	28	40	93	74	57	96	96	89	51	47	42	56	42	68	66	49	28	64	75	75	99	80	41	25	67	45	
11	7	5	7	8	9	12	10	6	16	4	4	5	8	10	7	9	4	8	13	10	6	13	2	5	8	15	5	3	4	6	11	9	5	11	3	11	11	16	10	13	7	7	2	15	3	14	11	11	3	17	13	12	5	7	13	12	9	15	7	15	11	7	4	17	16	12	10	18	7	4	7	10	12	9	18	16	15	8	6	9	15	2	3	11	17	17	3	14	11	13	11	4	17	2	12	8	9	15	4	4	12	16	8	4	5	17	12	8	13	16	7	9	3	17	19	4	6	7	11	11	6	15	7	13	5	14	2	9	14	3	9	4	5	2	11	13	3	5	20	8	9	15	8	12	2	9	10	8	11	9	14	18	9	4	11	6	14	18	14	8	15	3	13	9	14	13	5	13	4	5	12	2	13	8	15	16	10	10	10	7	6	10	9	13	7	7	3	6	8	11	2	15	13	7	8	16	12	13	5	9	9	4	11	9	17	3	7	3	5	5	3	2	3	6	3	12	8	4	2	11	5	9	4	6	4	12	12	6	13	17	14	10	7	8	8	7	14	8	9	5	8	14	13	19	12	8	3	11	7	
13	10	5	4	7	9	15	7	7	13	5	5	5	7	12	6	7	3	7	11	8	9	10	2	4	9	12	4	3	5	7	8	11	5	13	3	11	9	20	15	9	11	10	2	14	4	10	15	10	2	13	10	14	8	6	17	9	7	18	6	16	12	7	2	13	14	10	11	16	10	3	7	10	10	13	13	16	14	12	6	7	14	2	3	11	11	20	2	15	8	19	19	5	17	3	8	8	10	16	5	5	12	14	9	3	5	19	16	12	14	17	5	11	4	10	18	6	8	8	7	9	6	13	7	10	8	17	2	16	17	4	12	6	7	2	6	17	4	8	14	8	7	19	6	10	2	10	11	9	12	9	13	19	9	6	9	6	11	14	10	11	17	4	14	5	14	15	4	9	4	4	9	2	14	5	12	13	7	17	12	7	6	8	13	15	13	5	3	5	9	13	3	12	9	7	8	10	13	8	6	9	10	5	9	8	11	4	6	3	5	4	4	3	3	6	3	8	11	3	3	13	7	12	3	5	6	16	13	7	13	16	11	6	6	6	11	9	8	10	7	5	9	12	10	17	13	7	5	12	8	
250	2
60	59	46	51	95	25	35	58	87	28	57	19	12	33	92	59	99	16	80	12	27	34	52	78	29	50	59	39	69	19	86	97	42	35	86	48	64	35	84	30	57	16	73	101	23	55	16	91	43	43	83	13	45	49	63	31	63	22	29	26	44	77	68	37	100	75	100	14	66	64	95	14	73	45	90	22	50	43	78	95	60	70	12	41	53	87	36	86	37	44	64	90	24	60	77	16	58	11	28	71	97	87	23	28	47	29	100	44	71	65	11	46	72	67	15	83	31	83	33	54	67	80	89	95	90	75	34	56	12	68	44	23	46	29	35	40	80	66	59	53	88	100	35	36	96	37	70	88	81	22	41	40	95	19	50	12	74	74	94	34	15	32	56	27	37	93	48	35	42	26	95	90	44	80	22	67	19	13	23	18	48	65	83	95	86	63	23	86	96	34	32	97	28	70	94	28	22	60	82	23	16	70	19	99	71	25	48	76	79	34	80	22	90	61	16	93	32	56	90	66	54	55	38	81	55	28	101	43	62	96	15	31	77	95	26	62	54	100	47	45	31	89	28	30	91	46	88	37	36	46	
8	12	5	9	18	4	6	8	18	4	10	3	2	4	10	11	12	2	13	2	4	5	9	10	4	10	10	5	9	2	15	19	6	6	11	6	11	7	11	4	10	3	12	18	3	10	3	11	8	5	9	2	7	9	12	5	10	3	5	5	7	12	13	6	16	13	11	3	7	9	15	2	9	8	10	4	8	5	10	17	11	9	2	6	9	13	5	14	7	9	10	14	4	9	16	3	8	2	4	12	18	17	3	5	6	4	20	7	12	11	2	9	11	14	3	15	4	12	5	7	8	9	10	14	11	13	6	11	2	7	6	5	6	5	5	5	16	12	8	9	17	14	4	5	13	6	9	17	9	4	8	7	14	3	10	2	9	14	13	7	3	5	9	3	6	13	7	5	5	3	18	17	9	13	4	13	3	2	3	3	7	11	15	19	12	7	4	17	14	5	6	18	6	10	16	5	4	9	14	3	3	8	4	19	8	3	7	15	13	4	12	4	14	11	2	14	6	11	12	8	7	8	6	12	7	5	11	9	7	13	3	6	14	12	5	8	9	16	9	7	4	14	4	4	16	7	11	5	5	7	
8	8	6	6	15	4	4	8	11	3	8	4	2	6	13	7	14	2	14	2	5	6	6	10	5	8	8	6	13	4	10	13	5	6	15	7	8	5	16	5	11	2	13	13	3	10	3	13	8	7	13	2	6	8	12	6	11	3	4	5	9	9	7	7	18	12	13	2	11	12	17	2	9	9	16	4	7	7	13	13	12	14	3	8	10	13	6	16	4	9	12	14	4	10	9	3	10	2	5	13	13	14	5	5	9	4	13	5	9	9	2	7	14	11	2	15	6	12	5	8	11	9	13	13	14	13	6	8	2	10	8	4	9	4	6	8	10	12	10	8	13	15	7	5	17	6	12	11	14	4	6	5	15	3	6	2	9	12	10	7	3	7	10	3	7	16	7	7	7	5	17	15	6	11	4	7	4	2	4	3	8	12	13	19	13	11	4	10	10	7	6	17	4	13	11	4	4	11	15	4	3	8	3	16	13	4	6	14	12	5	15	3	17	11	3	12	6	8	16	11	7	11	6	11	8	3	14	7	11	11	2	4	15	18	5	11	8	19	6	6	4	17	5	6	17	9	12	6	6	8	
250	2
93	31	50	33	91	44	59	55	40	28	93	21	91	75	27	63	48	30	25	17	33	11	24	73	74	68	34	32	28	58	82	61	38	14	85	48	71	45	42	64	65	20	42	91	87	29	80	22	97	57	63	21	67	71	67	79	44	36	95	38	72	22	85	49	23	73	98	81	79	96	92	32	36	30	61	32	59	30	66	81	63	69	73	67	28	17	98	58	101	97	44	19	28	65	95	26	40	62	72	85	55	91	87	63	93	50	53	42	21	87	55	66	46	63	37	90	62	82	19	80	17	91	66	75	85	83	15	27	99	35	17	46	72	35	87	21	22	57	31	92	64	60	37	85	58	77	79	33	50	54	82	78	47	77	76	39	91	68	17	54	55	76	49	55	16	46	25	48	91	85	20	84	65	86	22	101	60	59	46	38	98	94	53	53	22	36	43	34	95	42	43	20	52	17	35	43	94	78	19	63	45	78	97	20	83	67	55	78	24	81	94	16	34	48	66	83	61	77	30	47	90	53	50	65	80	76	47	56	61	28	33	78	16	97	45	14	15	14	14	34	48	59	34	73	90	44	77	41	14	41	
17	6	6	7	10	6	10	11	8	5	17	4	15	14	5	11	10	6	5	3	4	2	5	13	9	13	6	4	4	8	9	9	5	3	12	9	13	9	8	12	12	4	8	11	12	5	9	4	12	9	13	4	9	8	10	13	5	4	13	5	12	4	15	8	3	14	17	9	16	12	10	4	6	5	9	4	11	4	10	16	8	12	15	10	5	4	13	7	13	18	6	4	4	9	15	5	8	7	12	11	6	18	15	7	10	10	10	7	3	11	8	10	7	10	5	16	8	13	4	13	4	10	10	10	10	13	2	4	16	7	2	6	12	5	10	3	3	8	5	17	8	12	4	17	8	9	12	4	7	10	12	12	6	13	11	6	10	10	2	7	6	10	7	7	3	8	5	6	16	16	3	17	7	9	4	18	12	11	5	6	13	13	10	8	3	5	8	5	19	5	8	3	6	3	4	7	14	9	4	9	7	11	17	4	10	11	8	9	5	16	14	3	5	7	12	13	7	9	4	10	14	11	7	9	12	11	7	7	11	5	4	9	2	19	9	2	2	2	3	7	7	10	7	10	18	9	12	8	3	5	
15	5	5	7	12	7	6	10	8	5	15	4	11	9	4	9	8	5	4	3	5	2	4	11	13	14	4	6	4	9	13	12	7	3	14	8	11	8	7	13	8	4	7	14	14	4	16	4	17	10	9	3	8	13	8	13	8	6	12	5	9	4	13	10	4	8	16	16	14	14	18	6	7	5	12	5	7	4	7	9	11	8	10	8	3	3	11	10	14	10	6	3	4	9	16	5	7	12	13	14	11	18	15	7	13	8	8	7	4	15	10	9	7	10	7	15	13	9	3	16	3	11	11	13	14	9	3	4	15	5	3	8	12	7	18	4	3	7	4	15	7	8	5	14	7	10	14	6	6	8	16	8	7	13	13	5	18	8	3	10	7	9	6	10	3	8	3	6	15	10	3	15	11	14	3	13	9	6	9	7	18	14	9	7	3	6	6	5	18	5	6	4	9	4	5	5	17	10	3	7	8	10	14	4	14	10	10	10	3	13	18	3	4	9	10	12	11	9	6	8	12	9	8	8	13	13	7	7	7	4	6	12	3	12	7	2	3	2	2	6	6	7	5	15	14	7	10	8	2	5	
250	2
80	49	70	101	71	35	48	89	98	73	43	96	39	29	79	25	51	11	19	78	48	74	95	35	51	26	62	82	57	75	88	33	23	68	58	37	81	42	77	53	86	19	87	83	59	35	86	46	46	40	99	64	57	29	70	69	82	32	67	52	30	97	40	54	54	27	66	18	61	81	67	91	74	23	35	53	101	71	25	75	92	23	16	79	26	74	36	91	38	53	61	49	100	11	78	85	18	15	84	28	77	64	47	36	98	51	12	14	40	30	62	74	62	78	47	54	100	63	31	67	66	94	76	33	75	28	18	60	76	16	93	56	24	91	57	30	56	89	63	94	67	71	34	14	22	79	20	60	32	85	25	15	60	16	93	100	51	19	54	101	32	59	30	53	101	19	80	26	23	52	83	67	29	55	61	73	61	11	52	78	33	48	11	37	33	65	96	86	65	67	47	69	78	91	34	58	92	86	28	23	30	55	77	96	50	97	93	91	42	75	27	39	52	64	85	100	16	60	20	30	94	79	76	63	89	13	85	40	45	13	15	33	25	57	69	14	24	97	42	29	88	35	17	58	77	85	18	97	58	95	
15	9	12	16	10	5	6	10	16	12	8	11	7	5	10	5	9	2	3	14	9	13	11	4	9	5	13	10	9	11	11	6	5	13	10	7	15	8	13	8	15	4	15	13	9	5	10	9	7	5	11	10	9	5	10	11	11	4	10	7	6	17	7	6	10	5	7	4	11	12	8	11	10	4	6	9	17	8	3	13	12	4	3	12	5	15	6	14	6	7	8	10	18	2	12	11	2	2	15	5	11	10	10	7	19	8	2	3	8	6	9	10	8	10	6	6	19	11	6	10	8	11	11	7	15	6	2	10	9	3	11	11	4	12	8	4	11	14	9	12	12	13	4	2	4	10	3	11	5	14	4	2	10	2	13	16	9	3	7	20	5	11	4	10	13	4	15	4	5	8	12	8	5	8	10	14	12	2	9	9	4	8	2	7	6	12	13	15	11	8	9	13	10	15	7	8	18	15	6	4	6	8	14	19	9	11	14	16	7	8	3	6	10	12	11	13	3	8	3	6	18	12	10	7	16	2	12	6	8	3	2	5	5	8	11	2	4	15	6	6	15	6	2	9	10	16	4	12	12	12	
13	10	12	15	11	5	10	18	19	9	6	12	5	5	11	3	9	2	2	10	10	11	10	7	9	5	10	10	7	8	17	5	4	10	7	5	9	5	8	9	10	4	11	12	9	6	10	7	8	5	14	10	9	4	8	9	12	6	10	6	6	14	7	9	11	3	8	3	9	13	11	15	11	3	7	10	15	9	5	13	14	4	3	13	3	11	7	15	5	8	7	10	18	2	9	16	3	3	16	5	12	9	9	7	18	10	2	3	6	6	10	13	8	10	6	7	19	7	5	10	9	12	14	4	15	5	3	7	13	2	19	9	3	12	6	4	6	16	7	11	13	12	7	3	3	11	3	8	5	11	5	2	12	3	16	16	7	4	9	12	7	9	4	9	13	3	10	3	3	6	14	11	6	11	10	10	10	2	8	9	5	6	2	5	5	8	16	13	9	8	6	13	13	11	4	9	11	12	5	4	6	7	13	19	10	14	17	10	6	9	4	8	8	12	14	13	3	11	4	4	12	13	9	8	16	2	12	8	6	2	3	7	5	7	11	2	3	13	6	3	13	6	2	11	13	15	3	12	9	16	
250	2
37	33	86	51	84	66	91	101	42	27	100	50	67	36	25	16	15	30	41	36	39	90	32	62	23	45	44	31	21	81	65	24	89	25	77	49	12	21	72	47	38	88	15	16	28	36	32	91	46	26	26	69	67	41	63	41	98	79	92	28	63	93	88	44	36	66	81	77	97	28	26	39	71	93	52	35	77	96	95	67	11	30	85	56	12	85	31	48	16	22	82	46	52	80	62	37	20	93	54	58	96	98	86	96	57	89	59	28	52	78	90	63	74	17	87	62	26	95	14	67	59	70	70	58	97	55	57	53	21	48	27	22	21	78	49	100	34	66	93	87	88	48	99	91	49	99	82	91	40	84	89	13	101	81	29	23	65	44	63	22	58	100	86	29	50	27	29	100	68	15	43	81	58	98	46	34	38	33	72	73	51	66	95	24	30	29	47	59	41	11	18	30	65	68	47	69	43	41	52	25	50	67	15	71	52	48	51	57	97	51	55	50	27	13	65	77	30	79	53	91	18	32	66	46	90	45	35	62	41	23	67	75	99	81	44	47	85	49	82	82	96	59	88	14	34	72	75	51	40	81	
7	6	14	8	14	12	17	18	8	4	15	10	8	7	4	3	2	5	6	5	7	13	5	10	4	9	8	4	3	12	13	3	13	4	13	6	2	3	14	6	7	18	2	3	5	7	6	11	6	3	4	9	13	7	8	7	10	8	15	4	11	14	17	7	4	9	16	13	18	4	4	7	13	16	9	4	9	13	11	12	2	6	16	8	2	16	6	9	2	4	13	7	10	14	8	7	3	13	10	9	16	20	15	15	7	14	9	6	9	11	17	7	8	3	10	8	3	11	2	13	11	10	10	11	13	8	8	8	3	7	6	3	3	8	10	14	7	11	12	14	16	7	14	16	8	16	17	10	7	16	12	2	12	11	4	4	12	9	10	4	9	20	14	4	8	4	5	18	13	2	6	12	11	19	9	4	7	5	8	9	10	7	17	5	4	4	9	7	5	2	4	6	8	13	7	10	5	7	10	4	8	8	2	11	6	6	8	6	19	9	6	7	4	2	11	15	5	9	9	17	3	6	11	7	17	7	5	9	5	5	12	8	12	15	7	9	15	8	12	15	12	8	10	2	6	10	14	7	7	15	
6	6	14	6	13	10	15	19	7	3	19	7	9	4	4	3	3	6	5	5	6	15	5	10	4	7	6	4	4	10	8	4	17	5	12	9	2	4	10	7	5	14	3	2	6	7	4	11	7	4	4	10	9	6	12	8	11	10	14	5	7	14	17	8	7	11	10	11	17	5	4	5	8	12	6	5	12	13	13	10	2	4	17	10	3	15	6	9	3	4	14	6	8	13	12	5	4	14	9	8	15	19	11	18	7	16	11	5	7	12	17	9	12	3	10	9	5	13	3	9	12	9	11	8	18	7	7	8	4	5	4	3	4	12	8	13	5	9	18	16	11	8	19	13	10	14	15	14	8	14	12	2	14	16	4	4	10	7	7	4	9	12	16	5	8	4	5	12	13	3	8	11	7	14	9	7	6	7	11	14	8	8	13	3	5	3	8	7	8	2	2	4	13	8	8	9	8	8	9	4	9	7	3	10	10	9	8	7	15	8	8	6	5	2	11	13	5	14	10	18	2	6	12	6	16	6	5	11	7	3	10	11	12	13	8	9	10	9	11	15	18	10	13	3	4	11	12	7	6	15	
250	2
88	53	45	98	25	54	72	62	78	14	66	63	75	23	43	87	38	92	73	82	56	36	61	14	32	20	63	14	89	87	90	53	79	33	52	22	35	12	50	65	27	48	89	69	73	41	90	55	26	12	26	47	20	40	75	47	36	34	23	36	31	25	24	71	23	50	49	51	21	71	80	50	43	23	99	95	39	16	11	99	26	58	63	34	100	70	28	86	71	79	69	16	36	66	75	53	50	98	93	47	85	84	96	66	67	95	81	38	93	65	90	25	88	12	58	66	51	64	86	40	101	79	39	97	58	40	94	43	28	81	58	96	84	37	92	95	70	66	68	19	101	53	84	19	88	20	81	86	93	40	46	34	13	90	59	78	62	43	17	95	35	48	28	21	76	17	62	46	61	37	21	66	32	61	26	31	48	95	59	83	38	66	101	36	101	90	95	48	33	34	96	36	93	46	36	39	59	41	27	40	42	62	93	70	56	89	13	96	60	55	14	50	62	38	99	47	101	82	53	51	66	56	53	70	56	55	19	23	47	68	34	21	67	101	26	93	34	75	30	25	94	48	91	12	17	54	14	69	90	90	
10	10	9	17	4	6	10	10	12	3	7	13	8	4	8	11	6	12	12	14	8	7	12	3	5	3	12	2	17	10	10	8	9	6	8	4	7	2	8	13	3	7	18	12	9	5	10	8	4	2	3	5	3	5	11	6	7	7	3	4	6	4	3	13	5	5	10	6	4	12	11	9	5	3	17	14	7	2	2	15	3	10	9	4	20	9	5	15	14	15	9	2	5	12	9	10	9	18	14	9	15	12	12	9	9	17	13	5	15	8	16	4	12	2	11	8	9	9	14	5	16	14	5	19	7	8	17	8	3	10	11	13	14	8	14	19	8	10	10	2	11	8	13	3	9	4	16	13	18	5	5	6	2	12	10	13	10	6	3	15	6	9	4	3	11	3	7	6	8	6	4	7	6	8	5	4	6	13	9	10	6	8	17	7	19	16	12	9	6	6	14	5	14	7	4	8	6	8	5	7	6	7	11	11	11	14	2	11	10	8	2	6	7	6	11	9	13	12	6	8	9	7	6	14	9	8	3	4	5	11	5	4	11	20	5	14	7	8	5	4	13	9	13	2	4	7	2	12	12	11	
14	9	8	12	3	10	12	11	12	2	10	9	9	4	6	13	8	11	13	10	10	7	7	3	7	3	9	2	10	14	11	10	14	4	9	3	5	2	7	9	4	6	15	9	12	6	11	7	4	2	5	7	4	5	11	8	5	7	3	6	6	4	5	12	4	10	10	9	3	14	11	10	7	4	13	13	8	2	2	12	5	9	9	6	18	8	3	14	8	11	13	3	5	8	11	6	10	13	11	6	13	15	12	8	13	19	12	6	19	8	16	4	17	2	7	8	7	9	11	8	19	9	4	19	10	5	15	6	4	16	11	16	9	6	12	18	10	11	13	4	13	9	11	3	15	4	11	9	16	8	7	5	2	18	9	11	12	8	3	19	6	7	5	4	11	3	12	8	11	6	3	10	4	9	3	4	6	11	11	9	7	8	19	7	16	12	13	6	5	7	11	6	16	6	7	5	6	8	4	8	6	9	13	14	7	11	2	13	10	11	2	6	10	6	18	9	17	9	6	8	10	11	10	14	11	6	4	5	8	8	5	3	13	16	5	13	7	13	6	4	13	8	12	2	3	7	2	8	17	15	
250	2
101	77	44	101	49	16	99	94	85	30	28	36	51	23	86	38	13	45	41	89	56	48	82	78	47	11	60	43	39	80	45	71	27	88	30	65	74	61	77	57	51	27	36	35	59	66	85	40	82	61	94	81	79	38	65	75	98	16	69	91	85	70	73	28	71	17	23	85	76	100	80	65	13	73	17	42	38	60	101	50	44	11	32	59	18	101	13	75	91	45	30	77	67	92	27	81	27	23	50	76	79	41	13	27	91	55	11	55	75	26	46	39	78	14	72	84	101	13	49	43	64	61	73	32	85	56	19	80	69	77	74	92	52	78	85	39	71	84	73	97	82	15	56	11	15	17	89	88	17	42	14	40	93	27	75	59	77	72	101	61	61	14	62	13	65	86	73	48	27	12	78	38	17	13	84	58	64	83	69	87	56	98	61	66	80	42	26	79	87	77	52	21	40	46	17	22	34	44	46	97	77	84	55	46	27	23	32	40	35	27	31	60	41	33	97	55	50	49	42	27	90	49	63	50	87	42	52	44	85	27	18	14	50	12	17	29	97	65	82	37	94	45	91	67	99	91	49	53	50	91	
15	13	6	16	6	3	19	16	13	5	4	4	8	4	10	6	2	6	6	15	9	5	12	15	7	2	8	9	8	15	8	14	5	11	4	9	14	9	11	9	10	3	7	7	11	11	11	5	13	8	11	9	14	5	11	9	19	3	11	14	14	13	14	6	12	4	3	17	15	12	15	11	3	10	3	5	7	12	15	8	8	2	4	11	4	13	2	15	10	6	6	13	13	15	5	12	5	4	9	12	12	6	3	5	14	10	2	10	10	5	8	7	15	3	10	10	15	3	9	7	8	7	9	4	17	9	4	10	9	12	10	14	10	8	13	6	10	17	13	13	9	3	11	2	2	2	15	12	3	8	2	5	12	3	8	12	9	14	13	12	12	2	8	2	13	11	13	7	4	2	14	5	3	2	11	7	7	16	13	12	8	12	11	12	9	8	4	10	10	10	8	4	6	8	4	3	5	9	6	18	13	14	11	6	5	3	6	8	4	4	6	7	7	6	18	10	9	7	7	5	14	8	8	8	13	6	7	5	10	5	2	3	9	2	3	5	13	12	16	6	10	9	17	8	11	10	9	8	8	18	
12	14	6	16	10	3	13	18	15	5	5	4	10	4	12	8	3	9	7	14	10	6	14	15	9	2	9	7	6	11	5	13	5	16	4	11	9	7	8	8	10	4	6	6	9	10	17	5	10	12	11	10	12	5	7	15	20	3	8	18	9	9	11	4	9	2	5	11	15	13	16	10	2	13	3	8	5	10	17	8	6	2	6	8	4	12	2	9	16	6	5	11	12	10	5	9	3	3	7	14	14	8	3	4	16	10	2	9	12	3	6	5	15	2	9	17	15	2	10	7	10	7	14	6	14	7	4	10	9	11	15	10	8	12	16	5	14	11	15	11	16	3	8	2	2	2	17	15	3	7	2	5	11	4	14	7	15	14	17	7	7	2	10	2	9	14	10	9	5	3	12	5	3	2	16	10	8	16	10	13	6	15	12	7	16	7	5	14	12	11	7	3	5	5	4	4	5	6	9	14	12	10	10	8	4	4	5	6	7	3	6	12	6	5	19	7	9	7	7	5	11	8	8	6	12	8	6	9	10	5	4	3	9	2	3	4	12	12	9	5	14	5	10	10	16	15	10	10	9	12	
250	2
64	31	27	42	60	59	78	25	80	22	85	47	55	75	50	66	70	25	15	78	55	50	17	66	72	25	58	55	22	35	93	78	82	54	14	79	74	46	86	97	21	77	86	33	13	23	56	61	25	71	61	61	88	19	50	45	59	98	42	29	91	56	33	89	75	92	55	51	65	76	101	77	35	26	87	51	61	16	79	48	55	75	58	57	53	58	61	83	70	47	101	83	25	62	92	61	37	99	18	39	61	19	31	90	11	78	94	50	29	11	13	85	52	32	96	32	81	97	87	76	89	38	85	25	40	58	83	25	77	46	74	75	81	39	29	26	71	98	85	60	52	62	37	73	45	80	75	53	25	13	89	52	76	81	46	57	87	66	99	32	31	16	77	15	13	60	53	34	60	60	18	65	14	63	81	38	67	72	29	29	50	32	58	64	62	30	67	19	66	43	95	59	55	26	43	92	14	19	28	56	40	55	81	78	78	39	19	12	17	85	11	96	64	77	75	67	30	32	64	73	75	74	41	14	34	31	52	46	19	68	41	99	96	21	26	18	99	16	99	63	61	40	90	37	89	72	99	81	85	88	
11	5	6	6	12	9	12	5	11	3	13	9	11	10	6	13	14	3	2	14	11	7	3	11	12	4	8	8	4	4	18	15	11	7	2	14	13	5	11	12	3	14	10	7	3	5	8	12	4	12	7	7	11	4	8	6	11	13	8	4	17	11	4	14	15	18	7	8	8	9	18	10	5	4	10	6	7	3	9	8	8	14	7	11	7	11	7	16	14	7	11	10	3	9	18	11	4	12	2	5	7	3	4	15	2	16	16	7	6	2	2	13	10	6	14	4	16	11	15	15	12	7	10	4	5	9	10	3	9	6	13	10	10	5	5	5	9	19	17	7	7	11	6	15	8	9	14	11	5	3	14	10	12	13	6	7	16	9	20	6	4	3	10	2	2	10	9	4	8	6	4	10	3	8	12	8	10	10	3	5	7	6	9	11	10	4	11	3	9	9	14	6	11	5	8	15	3	4	3	8	6	10	15	12	10	5	3	2	3	10	2	13	8	15	15	8	6	4	11	13	8	9	5	2	4	4	9	9	3	7	7	14	17	4	5	2	16	2	11	13	9	5	9	4	10	13	11	10	9	16	
10	4	4	5	9	6	9	4	9	3	17	6	11	11	9	12	12	4	3	9	11	7	2	10	10	4	11	8	4	6	16	11	13	9	2	12	9	7	14	17	3	11	13	6	2	4	9	7	5	8	7	8	12	4	10	6	7	12	5	4	18	9	4	12	15	17	9	6	13	12	17	9	4	5	15	7	9	3	10	7	8	12	9	10	7	11	12	10	9	9	20	10	3	11	17	11	7	19	3	7	7	3	6	17	2	15	18	10	4	2	3	10	10	6	10	6	16	13	11	14	13	5	11	4	5	9	15	4	12	7	15	9	12	5	3	3	11	15	9	11	7	12	5	12	8	8	11	7	4	3	13	9	12	10	5	7	11	12	10	5	4	3	15	3	2	7	9	4	8	8	2	8	2	7	12	7	14	9	5	6	6	5	10	11	11	4	9	4	10	7	18	10	11	5	7	13	3	3	4	6	7	7	14	10	12	7	4	2	3	15	2	19	11	14	9	13	4	5	12	8	10	8	8	3	4	4	9	8	4	14	6	17	16	4	5	3	16	3	12	7	8	7	12	5	16	14	19	9	9	16	
250	2
72	19	101	77	41	38	46	54	42	78	72	29	59	40	60	27	63	78	84	84	18	13	54	63	80	57	31	92	45	81	15	26	96	60	27	46	23	98	43	89	48	65	15	63	100	84	90	63	26	86	83	98	61	79	101	71	86	31	97	57	16	85	80	64	82	94	72	74	82	23	22	41	95	29	39	38	24	50	49	16	70	49	27	78	69	49	97	51	75	42	78	84	87	97	77	35	14	30	100	96	82	47	41	40	81	72	57	31	76	87	17	30	33	34	50	25	29	43	90	76	63	47	91	18	60	48	45	58	94	91	97	91	37	101	84	36	33	25	101	32	85	13	31	16	25	55	57	67	29	44	93	83	86	44	83	98	41	77	14	80	96	77	56	52	56	29	68	25	88	26	33	72	70	98	67	69	100	44	67	57	30	44	13	27	100	36	32	38	69	68	60	80	82	50	14	81	93	57	98	91	47	36	38	15	90	17	100	49	59	37	22	80	68	56	81	53	16	52	30	36	17	25	93	66	47	47	98	31	17	81	61	98	86	73	32	98	22	100	58	94	95	28	77	48	53	35	91	70	21	55	
21	5	18	23	18	5	17	21	5	34	13	10	7	4	27	7	14	15	31	23	4	3	15	14	35	10	4	12	11	38	5	11	16	8	8	22	4	30	17	11	20	27	6	30	35	28	14	13	3	26	14	45	21	36	12	14	19	11	48	13	4	42	27	13	15	10	31	9	36	11	9	16	44	14	13	7	3	21	23	8	23	17	12	36	11	24	30	19	11	14	9	39	23	42	25	12	5	8	18	20	33	6	12	9	27	10	15	4	20	36	3	6	10	7	18	10	8	9	11	18	15	22	30	8	29	22	7	7	24	30	35	31	6	30	22	13	15	6	20	14	11	4	8	5	5	18	23	11	8	7	25	39	11	21	14	36	14	24	5	26	22	16	16	18	17	10	28	7	32	4	7	19	32	30	27	21	12	19	20	16	8	21	2	6	16	5	11	11	18	28	13	21	16	12	7	19	46	18	24	26	22	4	14	2	16	4	17	23	10	12	5	23	11	21	21	9	4	8	11	15	7	8	31	27	19	8	39	8	8	16	22	33	20	35	5	30	7	22	9	26	37	11	36	16	23	7	43	20	7	10	
20	8	37	18	19	16	15	8	13	37	19	8	24	15	21	5	7	19	14	19	7	6	22	16	9	21	15	12	9	40	4	9	16	8	6	17	5	45	21	11	7	23	4	19	29	28	23	10	6	22	23	19	30	34	17	9	28	5	30	20	5	32	14	31	14	44	18	30	21	5	7	6	31	10	16	16	5	10	7	6	30	8	6	29	13	10	42	14	28	5	34	12	19	28	25	8	7	15	48	31	24	7	12	12	10	27	17	8	14	29	3	11	13	11	24	12	10	20	28	23	21	20	36	5	11	11	19	21	16	29	32	39	12	49	41	18	15	4	12	16	11	5	14	6	5	8	9	13	14	17	40	27	32	13	20	20	9	16	3	27	36	19	8	7	11	5	12	7	29	9	7	17	15	25	20	13	36	21	8	17	12	14	4	5	32	12	7	6	16	14	29	35	22	20	6	30	38	7	15	13	19	12	12	6	40	8	12	8	22	12	3	21	33	12	28	9	7	11	9	9	6	7	13	20	15	16	34	12	3	11	23	26	17	30	10	30	7	16	20	36	45	5	14	14	17	17	42	25	8	7	
250	2
17	76	21	79	25	44	96	78	25	28	84	32	97	14	39	39	91	35	18	68	15	14	72	96	24	42	14	29	65	72	80	77	85	46	88	52	38	96	54	23	73	18	79	68	21	72	95	70	92	85	30	94	86	48	63	99	89	66	48	78	93	64	37	46	64	17	40	100	96	58	61	75	55	80	96	43	58	55	13	29	24	15	67	79	55	49	69	101	87	88	41	38	24	70	52	36	31	37	67	83	61	95	61	86	13	14	28	91	21	71	15	83	60	96	27	50	67	75	69	78	65	60	96	15	57	52	19	13	95	65	66	73	71	25	65	84	96	83	73	66	31	52	15	85	48	71	28	44	13	83	65	43	14	23	38	14	31	29	30	49	20	100	77	76	38	64	67	40	36	30	73	57	27	63	17	80	34	101	17	16	67	66	83	101	16	60	20	86	89	96	18	79	35	62	52	20	55	70	100	45	27	83	91	71	82	87	68	34	72	54	52	68	75	49	65	54	14	88	13	26	48	25	33	34	40	75	72	56	69	36	42	17	101	36	34	38	15	41	45	48	88	28	37	11	93	59	78	46	69	37	
4	8	7	35	11	21	47	18	5	13	26	15	42	6	6	14	28	14	3	11	5	3	23	44	11	12	5	4	14	10	37	25	11	6	37	25	6	36	25	7	29	7	31	12	8	15	11	26	42	31	5	31	19	7	27	43	12	31	6	22	38	28	15	11	27	4	16	23	19	29	26	26	11	20	43	17	21	17	5	13	9	6	26	25	14	19	14	32	32	13	12	19	9	30	19	7	10	5	24	12	22	22	20	24	2	4	14	12	9	29	4	31	24	38	10	24	21	15	17	26	14	17	42	3	20	16	4	3	46	25	28	31	11	9	18	22	46	13	31	29	8	22	4	22	14	21	12	20	4	25	10	9	2	6	5	7	7	13	14	22	4	30	20	16	14	22	10	16	13	5	13	7	9	28	3	9	4	45	6	7	19	26	38	37	3	20	8	23	31	29	4	28	10	29	15	6	10	10	37	12	6	41	37	34	40	35	11	9	14	23	17	16	19	21	20	21	7	23	4	12	18	7	5	14	7	18	35	24	8	15	14	4	47	6	5	5	3	18	20	9	24	6	7	4	33	8	12	7	25	11	
8	9	8	20	12	8	33	16	10	13	26	13	38	6	19	9	33	7	9	9	6	5	29	18	10	16	5	8	16	15	17	23	23	21	40	13	15	38	21	4	27	7	14	27	6	16	36	34	40	28	6	36	11	8	31	35	32	15	7	15	17	18	8	23	14	7	19	15	30	28	8	24	14	17	38	18	16	7	6	13	11	4	12	33	7	13	21	33	37	16	16	11	3	26	22	14	14	18	21	36	8	17	29	42	4	3	3	36	9	32	3	32	10	26	4	20	23	17	17	11	16	18	24	5	23	21	8	3	17	18	19	15	18	8	10	9	24	14	9	27	5	16	6	14	16	24	5	16	6	18	13	9	3	8	7	5	10	6	12	14	5	21	29	27	18	31	14	9	13	6	35	21	5	16	4	40	6	15	4	8	28	25	28	22	4	10	6	13	43	28	7	9	9	26	14	8	17	8	31	14	8	31	11	27	23	34	19	16	35	17	25	26	13	16	17	11	4	13	4	4	8	9	13	14	5	28	34	6	19	8	17	4	15	6	14	16	5	15	10	22	33	9	6	4	28	23	20	12	10	14	
250	2
44	83	63	47	67	91	67	52	79	35	18	28	12	67	35	77	24	28	18	61	90	62	58	54	55	38	41	61	68	66	25	28	16	40	66	17	16	53	42	80	98	93	100	64	31	29	86	20	32	39	93	17	52	100	46	55	68	20	39	25	22	86	65	50	77	27	93	23	68	69	38	85	53	48	32	92	52	53	76	77	55	29	72	33	62	12	36	76	85	76	12	63	16	81	41	68	77	38	33	30	34	30	85	87	69	45	13	24	56	28	70	23	46	50	23	37	26	29	76	92	58	39	85	50	32	78	52	72	68	63	78	41	92	42	43	28	33	76	98	66	47	33	76	17	69	61	61	89	39	32	44	17	61	41	50	77	90	34	18	26	62	29	56	93	60	58	76	54	42	52	93	100	45	96	39	53	49	46	40	101	30	31	101	55	29	61	74	77	42	30	83	66	54	87	101	41	88	40	15	79	14	84	85	18	101	77	98	64	92	27	87	66	58	45	95	90	67	79	94	79	37	77	31	92	95	18	18	42	43	79	51	29	96	46	17	98	94	32	62	12	71	31	32	38	101	31	48	87	58	29	
17	18	15	6	22	37	19	20	20	8	6	14	3	23	5	29	11	13	3	25	26	10	7	25	12	11	8	19	31	29	8	5	7	16	28	5	7	8	11	33	16	27	14	8	13	9	35	9	15	10	32	4	20	12	20	6	17	6	12	7	8	32	28	13	10	4	23	10	15	32	15	16	23	19	14	13	14	15	36	33	26	11	32	16	7	2	14	19	20	9	3	15	3	22	14	17	13	15	16	9	12	9	35	26	18	15	4	5	22	8	28	5	7	17	8	14	7	4	14	18	22	11	40	12	5	15	20	8	21	28	11	5	21	13	20	9	5	18	31	28	14	14	24	5	34	27	10	31	19	8	16	4	20	20	21	28	18	10	2	11	28	9	6	13	27	23	32	25	15	6	39	47	9	16	17	6	16	20	13	47	10	10	42	25	7	20	17	25	20	4	30	28	14	26	34	9	31	11	2	28	3	28	9	8	27	17	21	18	13	10	30	24	29	11	25	39	28	37	28	18	13	31	13	29	34	5	5	10	19	10	20	6	23	16	5	47	24	9	23	4	20	8	11	5	11	14	14	22	12	10	
21	16	23	6	29	14	22	16	24	15	7	6	5	31	17	23	5	8	5	28	44	18	22	20	18	9	8	19	11	19	6	14	2	14	13	5	4	10	13	9	43	31	25	12	7	6	22	6	14	17	38	5	12	24	14	7	11	7	7	12	8	26	32	7	28	13	28	9	8	32	9	38	25	11	12	11	22	13	20	27	18	8	20	6	30	4	15	35	31	20	3	8	5	20	17	29	22	12	10	4	13	14	12	33	31	19	5	6	23	3	12	8	13	16	7	8	6	13	36	20	9	16	38	7	6	25	18	32	26	28	14	19	23	13	13	3	10	33	45	11	22	9	16	8	34	26	24	19	5	4	18	2	11	7	10	24	31	4	7	9	15	7	15	44	12	15	23	7	8	13	21	27	22	22	14	8	15	16	20	11	13	14	30	24	5	29	23	13	14	7	29	16	25	27	46	6	30	18	5	36	3	14	23	7	11	8	37	10	42	8	11	24	19	6	35	13	31	22	39	10	6	25	11	10	36	8	4	16	21	30	12	7	23	8	7	29	15	7	11	5	28	15	9	12	25	11	12	12	8	5	
250	2
89	12	94	81	80	80	19	83	39	25	77	60	99	91	60	53	18	89	17	77	72	54	82	82	96	82	23	50	52	90	54	65	80	83	66	49	35	69	41	19	86	97	16	59	42	32	18	96	61	24	42	87	82	42	59	63	86	84	21	22	13	54	89	77	55	39	23	84	85	46	49	45	97	58	56	96	60	84	79	27	85	25	69	42	11	98	39	84	70	79	95	28	41	91	63	94	56	84	73	34	26	17	87	19	81	44	47	73	73	13	14	53	57	77	27	26	29	18	86	28	66	87	86	46	62	21	45	87	73	78	90	89	29	17	50	78	74	50	39	96	44	73	88	101	74	11	67	20	36	74	97	96	25	46	76	49	36	65	35	49	28	93	47	58	94	20	29	100	48	73	22	28	30	73	36	41	63	36	16	62	62	16	100	51	32	19	55	35	49	94	47	88	37	29	47	95	87	101	62	11	82	41	101	21	13	33	87	61	58	23	56	14	53	75	39	57	83	99	44	50	88	80	52	79	65	92	30	39	52	94	13	11	17	17	16	70	26	80	18	54	46	58	48	33	82	57	75	89	12	11	
13	3	12	12	34	16	4	17	16	9	23	12	17	29	10	12	6	15	7	21	29	12	32	22	29	19	8	13	19	11	13	25	25	20	26	21	11	8	6	2	28	36	5	18	13	16	2	12	18	8	13	14	27	14	8	13	36	37	4	8	4	15	37	10	8	17	6	19	39	5	14	10	11	13	9	23	8	25	37	9	40	6	29	6	3	15	6	9	10	12	33	4	11	28	12	33	20	32	21	10	10	8	17	6	11	20	14	10	33	2	4	18	12	31	6	7	11	4	19	12	17	18	31	21	25	4	7	15	11	17	40	35	7	6	11	20	32	14	18	46	17	20	9	47	9	3	10	4	17	19	43	45	11	6	17	9	13	15	16	20	9	32	21	20	13	9	7	46	15	22	4	12	4	30	18	17	29	14	6	11	8	6	11	7	13	8	8	14	21	47	20	35	8	6	9	18	33	33	9	3	26	20	25	6	6	16	30	23	22	6	28	6	19	28	18	10	32	15	19	10	35	15	9	30	21	13	14	11	17	33	2	3	5	5	3	16	3	12	3	13	12	21	11	10	10	22	23	23	3	4	
40	2	27	40	39	25	3	38	14	4	35	28	39	31	8	9	6	36	8	15	20	24	11	22	21	20	4	10	21	18	12	27	35	19	24	13	8	19	12	7	15	31	4	18	12	8	3	31	27	10	13	24	31	12	8	9	13	16	7	9	4	16	33	16	25	4	10	27	13	20	18	8	45	9	15	20	20	9	33	12	40	5	23	18	4	42	17	27	17	32	27	11	12	14	21	45	17	38	31	12	5	6	30	5	25	21	7	15	14	3	3	20	28	33	8	8	6	7	9	6	29	25	38	18	13	7	9	16	24	21	26	35	7	5	17	15	13	21	8	32	14	34	31	23	25	5	12	8	4	23	21	15	12	15	16	11	11	15	4	7	8	45	7	8	14	3	13	41	14	15	4	6	9	19	13	12	26	13	4	25	23	5	35	20	10	9	25	5	16	22	17	10	16	10	19	46	14	44	29	5	16	17	47	6	6	6	42	17	7	3	17	6	19	21	5	7	29	34	15	18	38	33	21	12	28	14	15	13	24	33	4	4	8	6	3	14	11	12	4	27	8	25	14	16	22	13	33	32	5	5	
250	2
97	12	67	61	82	32	57	52	51	17	52	75	45	69	33	85	48	93	69	30	24	54	68	58	101	92	30	51	101	45	47	99	24	11	11	43	67	11	72	101	93	82	82	45	85	84	35	88	75	98	19	75	83	63	63	33	66	40	14	73	80	57	30	47	34	36	91	98	31	86	49	27	69	96	59	33	36	63	37	84	101	89	50	59	33	53	57	33	83	69	11	98	27	67	25	101	69	72	67	87	66	23	32	51	29	39	85	30	92	47	36	46	91	20	37	94	86	51	28	61	18	21	42	68	48	66	58	35	95	42	11	99	42	76	89	75	21	63	84	48	30	86	61	88	100	33	44	61	89	70	29	74	33	37	52	69	31	65	67	83	101	59	92	53	15	68	34	89	61	21	22	38	94	69	80	56	49	53	88	13	46	93	97	29	41	11	92	19	41	28	38	61	94	12	63	67	61	101	71	29	53	29	50	59	14	100	69	77	56	88	19	31	36	13	66	99	85	24	67	28	96	12	52	88	21	49	53	16	26	50	59	35	55	59	86	16	76	15	28	63	60	93	66	71	91	25	99	32	21	24	
43	4	26	11	34	10	25	16	6	5	11	28	8	8	9	36	15	44	34	15	3	11	21	20	20	38	11	10	13	9	10	46	9	4	4	13	8	3	36	39	32	26	19	9	10	15	16	19	36	37	5	19	27	16	9	12	27	11	6	9	37	15	9	6	7	11	43	48	7	29	9	10	12	26	13	9	15	15	13	25	50	30	17	28	13	11	12	4	21	24	2	25	9	29	10	35	7	30	16	43	23	7	6	15	14	15	35	11	26	19	6	5	43	9	9	23	35	17	9	11	8	8	15	19	19	23	6	7	16	6	2	30	11	36	20	11	3	13	27	22	8	21	22	28	12	4	8	25	18	23	6	30	12	17	24	33	10	25	25	27	48	7	18	26	5	25	13	33	23	4	7	14	26	8	39	24	14	25	11	2	10	24	18	6	10	2	13	3	13	12	18	15	26	4	17	19	13	20	8	6	18	12	23	26	6	22	24	24	11	31	9	7	8	6	32	24	21	8	15	11	34	3	19	22	8	23	8	4	5	23	22	17	22	25	34	3	12	5	11	17	14	26	29	18	14	12	38	12	3	5	
42	2	11	19	20	8	18	18	7	8	15	29	17	33	15	17	15	27	19	15	4	13	24	8	19	33	4	20	24	20	14	44	5	5	5	13	10	2	33	26	16	28	23	15	34	24	13	18	32	30	4	20	22	9	29	10	20	19	6	28	19	20	14	11	17	16	38	12	13	26	14	7	20	32	8	5	6	23	14	22	21	24	10	20	10	17	24	14	18	26	3	43	12	28	6	41	8	25	24	34	27	6	13	22	5	12	28	12	46	21	9	13	37	9	16	12	22	16	13	19	5	9	7	32	21	8	21	12	17	15	3	47	8	28	28	22	7	20	31	17	13	20	12	25	24	15	14	7	22	9	12	23	12	13	10	22	11	12	27	29	36	28	14	23	7	15	5	17	11	6	7	15	12	17	24	25	8	15	30	4	16	10	41	11	9	3	38	3	11	5	10	24	32	6	29	17	14	21	29	6	21	8	14	28	5	22	17	14	18	32	5	9	16	3	13	32	23	6	22	11	48	4	10	18	6	20	22	4	8	15	27	17	7	14	24	6	8	5	13	19	29	23	26	19	27	5	21	11	7	9	
250	2
96	39	78	45	51	11	90	45	53	64	24	40	63	87	88	26	100	56	78	75	21	31	45	18	88	41	69	64	99	83	83	48	15	72	32	18	53	16	49	98	18	64	100	51	52	96	84	81	20	45	92	42	52	75	23	74	66	87	12	98	30	32	88	30	69	29	86	76	27	35	72	71	22	28	68	32	28	81	67	23	91	14	22	60	44	61	59	38	71	44	47	70	47	17	37	41	70	64	68	56	82	64	81	28	21	60	64	73	72	82	52	14	36	84	95	29	29	61	79	59	68	62	33	24	85	21	49	11	95	71	34	93	15	22	89	79	65	71	42	17	22	49	74	52	47	21	78	45	86	40	33	22	33	11	38	61	51	68	72	89	98	48	43	55	77	52	54	83	48	17	78	96	95	64	13	46	74	72	66	60	17	23	81	99	60	92	62	97	15	100	90	69	27	31	16	54	87	41	55	82	73	25	85	21	81	36	21	56	87	42	71	19	27	41	17	44	77	40	14	73	42	92	97	47	55	66	52	87	89	83	92	80	85	19	94	67	51	89	25	40	80	57	29	11	70	60	50	86	31	93	
34	9	15	12	13	5	40	7	6	11	7	7	18	24	33	4	18	14	14	35	8	8	8	8	43	20	18	8	17	24	41	23	7	30	5	6	24	4	14	35	7	13	32	8	13	14	39	13	9	11	13	7	26	8	11	33	19	12	4	48	7	7	17	9	26	10	27	22	13	13	29	20	4	9	30	5	14	37	33	3	26	5	3	29	10	12	21	19	8	18	15	20	9	4	13	11	30	7	28	27	30	32	20	4	4	11	29	33	26	15	26	6	5	33	20	5	8	11	35	10	13	25	6	11	14	9	21	4	27	20	15	11	4	8	16	36	32	24	6	4	9	23	19	16	9	10	29	20	17	13	14	3	6	5	11	25	20	16	8	39	34	12	18	26	20	19	20	38	18	8	33	30	42	20	2	17	14	24	15	18	6	7	15	13	23	39	11	47	5	18	38	26	12	6	5	10	24	12	19	41	32	10	20	4	34	4	4	23	42	10	35	8	12	18	8	15	16	13	7	27	13	15	17	14	16	16	21	32	15	12	16	35	35	3	39	32	14	42	8	5	11	18	8	4	15	26	14	28	15	43	
30	8	24	13	15	3	21	13	12	18	8	6	7	39	23	9	19	27	34	16	3	8	18	8	22	11	16	14	30	37	29	21	4	20	13	9	15	3	6	48	7	32	32	17	7	21	21	29	7	14	18	16	15	30	11	27	16	28	4	33	8	5	32	6	27	6	29	9	7	13	29	22	7	13	19	5	12	11	32	8	41	3	11	14	14	21	10	15	30	21	22	23	17	6	6	7	12	28	18	18	34	12	23	10	4	11	22	31	10	10	6	2	14	12	35	12	9	14	28	20	12	22	7	9	22	7	22	4	41	31	14	41	6	3	31	11	7	11	14	5	3	20	12	17	22	4	36	8	14	5	6	10	13	2	14	24	25	7	14	23	43	7	14	27	25	11	15	23	10	3	37	13	26	19	5	15	37	8	23	14	6	8	22	25	22	40	17	23	3	33	18	30	6	11	6	14	14	14	23	22	11	4	31	7	14	10	5	21	25	10	28	5	6	17	5	17	11	19	7	21	14	38	35	22	8	31	6	12	33	30	15	32	28	3	34	11	22	25	10	12	32	10	9	2	15	7	8	32	15	31	
250	2
57	83	45	43	54	15	11	88	86	52	88	99	88	60	79	46	75	22	76	71	21	59	67	39	95	97	64	37	54	89	17	92	100	42	64	76	100	24	51	47	33	27	64	42	19	21	56	101	93	20	79	78	43	65	52	69	79	38	17	89	19	72	92	59	14	82	14	11	69	61	44	69	54	75	41	13	99	38	32	40	18	86	66	11	89	96	93	71	35	71	97	67	52	87	22	19	57	63	53	22	74	84	89	17	40	39	43	18	72	58	61	35	28	46	22	99	85	76	63	53	56	100	53	51	87	62	85	16	59	53	88	25	53	89	51	21	13	60	23	33	62	54	67	65	51	19	47	50	76	41	90	41	84	41	49	56	70	97	17	83	47	39	42	77	59	78	88	75	101	27	56	15	43	12	69	55	39	46	83	68	52	61	68	59	72	29	67	27	89	73	32	33	79	36	45	45	93	86	17	19	86	29	34	73	12	42	21	50	66	33	70	86	97	41	18	100	84	15	17	24	64	61	101	40	58	95	72	22	68	70	34	50	63	82	82	49	75	93	95	17	35	65	11	58	52	100	43	67	45	98	
10	18	15	12	25	2	5	32	40	15	25	18	36	16	19	9	28	5	33	14	5	28	12	6	26	41	14	6	14	26	5	28	44	7	29	29	15	4	16	20	13	6	24	11	3	4	13	13	27	6	29	17	10	24	9	9	32	6	6	10	6	10	17	10	4	33	3	5	27	17	18	22	6	34	12	4	12	13	14	10	6	17	17	5	24	44	35	10	13	35	48	19	20	12	8	3	8	11	23	9	30	21	44	4	18	8	13	7	21	13	28	10	12	17	6	47	26	11	23	24	19	38	23	15	19	30	35	5	26	11	18	10	7	27	18	9	6	7	11	14	11	14	23	15	25	6	18	20	20	5	11	13	14	9	11	6	19	22	7	13	20	14	19	34	15	29	18	28	50	10	21	3	17	2	12	14	18	9	10	20	22	23	8	25	22	11	33	5	17	12	4	5	29	14	17	12	28	12	6	8	25	7	9	25	5	10	3	17	29	5	28	19	27	11	2	46	17	4	5	3	24	23	49	6	14	33	20	7	33	13	14	20	9	11	14	15	24	33	45	5	11	14	5	15	22	40	12	23	10	42	
17	34	17	13	12	5	3	24	24	13	20	37	30	18	10	18	36	7	26	17	6	7	12	13	44	14	17	13	26	16	8	18	12	12	9	20	44	4	14	20	12	7	30	14	5	7	25	43	20	5	14	35	12	30	11	25	20	14	6	12	5	23	12	19	4	16	5	3	22	12	20	18	23	32	7	3	35	7	10	16	4	29	18	5	11	17	36	34	6	20	33	24	20	42	9	6	17	16	22	3	24	34	23	5	6	19	8	3	29	26	14	12	13	7	6	37	24	22	29	19	26	42	19	25	43	16	29	6	8	9	17	11	8	11	24	10	4	12	5	5	19	23	10	14	16	6	8	10	38	20	30	16	38	6	21	8	23	17	6	18	14	16	11	31	23	10	43	36	41	4	11	4	16	5	10	17	10	20	24	14	10	14	32	29	10	11	10	6	38	18	5	10	28	11	14	5	44	18	5	3	43	13	7	15	3	16	9	22	12	12	14	28	40	17	5	49	10	3	5	3	17	16	50	6	11	38	8	4	21	25	10	19	11	10	41	15	28	34	21	5	11	29	2	14	17	16	7	33	6	47	
250	2
49	100	54	48	13	13	23	77	18	25	74	80	74	73	40	82	43	86	21	100	14	18	28	61	24	48	88	83	93	46	28	99	75	84	28	50	92	24	28	83	44	18	57	40	66	19	29	94	36	11	91	97	78	27	69	33	67	23	47	52	54	70	96	68	17	37	68	91	44	18	77	51	53	81	27	47	66	57	51	48	61	40	76	41	22	13	57	61	64	40	72	21	99	59	100	76	85	70	68	67	21	25	73	65	52	90	66	61	93	52	12	29	16	85	52	69	95	64	96	17	47	42	66	82	66	39	57	74	96	78	96	77	88	80	49	49	71	42	66	76	74	96	40	37	52	75	35	66	94	20	37	68	44	73	51	32	82	53	12	21	40	56	101	55	77	97	46	51	69	58	76	13	81	13	96	86	20	71	43	18	54	94	31	42	36	35	53	17	44	86	21	13	34	99	26	55	13	70	37	50	28	81	45	87	87	20	69	56	40	60	59	36	88	93	70	53	14	24	41	31	42	49	96	54	37	62	27	57	30	39	30	31	59	92	37	83	31	98	58	17	73	30	55	70	87	83	71	73	95	83	
6	37	14	15	2	5	7	30	8	10	14	18	22	31	17	36	15	36	9	45	3	5	4	7	5	9	32	41	13	15	6	10	24	31	9	21	20	3	11	37	22	8	13	7	27	4	6	38	13	3	32	47	19	7	9	16	19	7	19	22	12	23	28	31	3	9	8	24	9	3	27	11	11	12	6	16	27	25	16	16	20	8	33	5	3	6	7	18	19	20	19	5	28	16	24	17	18	16	12	14	5	11	8	28	6	28	26	26	12	14	5	5	3	29	18	29	11	8	37	6	12	19	19	16	30	9	16	31	39	30	44	10	34	12	17	21	34	12	28	36	31	34	5	14	26	19	10	32	37	6	15	27	9	29	8	15	27	16	3	4	12	10	26	13	15	40	21	19	29	24	38	5	34	3	19	29	4	8	12	8	12	11	11	13	11	16	10	6	8	19	4	4	9	46	7	13	3	28	11	10	9	10	7	33	28	4	13	19	16	18	26	13	27	40	32	21	5	11	16	6	5	5	34	7	13	22	12	8	14	5	11	9	11	14	12	20	6	19	23	6	8	6	16	14	36	33	30	29	22	13	
8	35	8	23	5	4	8	28	5	7	37	25	31	30	5	28	20	35	7	17	4	3	7	16	7	13	16	34	34	22	7	22	20	17	14	16	25	12	12	33	17	2	25	9	9	7	9	29	9	5	44	47	37	8	14	9	20	9	14	26	19	10	41	28	7	11	33	16	21	5	34	9	11	14	9	12	24	12	8	13	16	11	28	12	8	4	17	17	18	8	9	6	39	12	39	19	13	18	8	15	3	7	23	29	19	14	32	27	29	16	4	9	7	38	13	28	46	22	10	2	19	9	31	13	7	15	15	21	25	35	36	20	36	33	21	8	8	18	14	33	25	48	17	8	11	23	11	26	15	9	15	19	9	22	23	7	19	7	3	10	7	19	21	26	30	28	19	25	30	29	26	4	33	4	39	9	4	18	7	5	14	18	15	9	5	13	10	2	12	17	3	3	10	12	9	16	4	31	15	21	3	13	16	37	34	9	26	15	16	15	7	17	38	28	34	21	6	3	5	10	6	12	26	15	11	17	6	20	12	12	4	10	27	31	15	15	5	29	26	6	25	4	18	15	23	40	14	24	35	41	
250	2
15	71	88	21	17	84	30	16	60	87	100	22	32	45	35	85	76	53	31	72	56	67	72	64	22	88	44	69	28	89	45	30	21	28	63	45	93	55	63	98	75	72	45	43	53	32	72	99	43	38	15	34	69	69	32	87	86	35	66	53	56	38	62	23	58	38	17	25	71	99	61	81	77	27	57	59	76	15	79	25	20	29	52	72	21	78	89	75	36	66	75	59	70	42	78	42	93	78	63	36	91	55	56	40	43	56	42	78	80	85	62	49	93	43	99	36	51	64	20	70	48	67	75	83	60	50	12	71	42	31	89	80	62	56	29	63	82	46	12	50	51	81	38	98	94	20	48	69	76	41	79	24	60	73	18	20	16	71	80	87	41	78	77	90	74	70	55	61	50	56	101	26	98	57	66	45	76	32	84	90	20	41	81	13	14	33	44	74	67	100	59	25	34	74	43	28	83	87	69	89	90	25	99	87	64	64	18	42	84	57	40	100	21	15	71	55	85	13	43	19	68	91	29	86	22	46	22	52	29	44	17	25	99	58	101	53	32	29	87	101	36	31	64	58	58	50	84	71	90	96	
2	31	42	3	5	27	11	8	18	39	42	8	9	22	12	31	33	14	9	23	28	8	9	15	10	11	9	11	8	18	9	12	8	12	13	15	15	13	15	19	35	20	9	7	14	5	8	34	18	10	5	10	21	28	8	30	41	4	12	26	25	4	25	5	13	17	5	4	19	28	29	21	18	7	26	11	30	3	17	7	10	13	24	13	3	29	42	13	9	12	21	14	17	19	24	14	43	23	28	8	33	22	15	19	10	9	12	14	28	10	25	7	42	21	49	5	20	18	9	23	18	12	15	36	12	22	5	13	10	6	34	14	28	22	7	20	18	15	5	24	19	35	13	31	38	8	9	32	13	12	16	7	15	8	8	7	5	26	19	31	12	9	27	28	16	29	25	25	19	23	37	12	48	23	22	19	35	16	14	16	6	5	22	4	6	15	5	18	10	46	28	7	15	9	9	8	29	11	33	19	39	4	22	41	29	28	3	19	23	14	14	43	9	3	26	8	12	4	8	4	31	43	12	9	4	18	7	18	3	11	2	10	43	14	49	17	7	12	13	44	9	4	20	13	12	16	37	14	27	19	
4	9	40	9	6	11	14	7	13	21	49	7	8	22	15	20	9	22	8	9	16	29	27	16	11	32	20	32	8	30	5	10	6	3	19	14	17	10	19	30	32	19	12	20	19	11	31	21	6	6	7	17	19	33	7	10	13	10	18	18	18	17	23	9	20	18	6	9	24	12	11	38	20	4	21	25	24	4	32	10	9	10	23	26	4	19	39	8	10	24	32	22	10	20	17	11	15	12	17	14	34	12	12	15	13	10	13	16	10	20	17	15	18	20	37	17	9	13	3	21	13	32	24	12	18	16	4	20	13	9	33	9	31	19	12	25	33	7	2	6	7	11	13	34	19	3	11	18	37	18	28	3	26	20	5	7	8	24	21	13	11	20	20	27	28	28	25	11	24	23	43	11	11	19	28	12	11	14	40	27	6	12	38	4	4	14	19	27	10	49	10	12	11	30	6	14	28	26	18	26	10	9	43	40	7	25	7	14	15	15	10	28	5	3	16	22	24	3	9	6	22	30	8	30	10	6	8	7	6	16	3	6	13	18	27	16	14	8	31	11	17	8	21	11	27	19	14	17	39	28	
250	2
76	75	20	64	73	34	87	44	15	25	29	52	17	57	42	44	23	74	55	98	51	97	12	51	41	100	92	98	32	81	24	79	45	89	59	12	81	19	93	66	11	20	19	14	69	71	53	64	45	82	90	86	86	85	94	37	29	93	17	54	92	80	75	88	12	69	23	50	78	79	27	84	97	61	23	94	39	38	94	14	55	34	39	35	54	42	34	55	93	71	30	86	40	53	46	91	25	97	61	79	89	30	20	54	41	64	15	101	14	11	30	12	57	59	55	76	92	48	62	39	20	100	30	37	55	91	81	100	97	67	81	14	87	13	61	69	74	62	100	24	80	56	22	36	41	34	53	100	60	11	76	16	40	93	42	64	71	50	79	37	59	21	97	84	27	92	39	30	83	11	15	56	97	78	83	60	64	47	70	19	47	46	96	55	58	64	87	59	29	69	58	43	61	85	59	68	26	76	76	60	70	78	89	75	19	95	44	19	76	92	68	51	73	28	54	63	92	60	48	27	98	54	64	94	63	62	35	59	90	72	33	26	72	13	25	48	25	68	54	32	71	42	24	48	82	23	92	58	100	47	
32	33	3	28	27	12	27	11	7	9	5	15	8	25	14	19	7	18	18	49	10	41	5	11	14	45	16	16	5	13	9	10	19	39	22	4	32	5	32	9	3	3	9	4	25	12	23	13	21	27	13	37	30	32	25	11	9	36	8	10	22	18	23	35	4	15	8	13	26	25	12	14	26	27	6	22	6	11	29	3	21	5	5	14	13	10	11	16	10	21	8	14	8	25	22	29	12	44	29	13	13	9	9	10	6	15	7	23	3	4	8	6	10	8	8	29	24	6	13	17	9	29	15	8	8	12	40	45	40	14	40	4	22	4	17	25	23	28	42	10	32	26	8	17	10	14	24	17	27	5	16	7	7	12	20	8	23	13	39	16	8	4	42	16	9	44	5	12	18	5	3	19	46	16	34	25	29	11	33	8	6	20	33	20	8	21	21	17	6	9	23	11	15	24	16	29	4	15	20	15	26	22	22	25	3	13	19	8	10	14	26	15	20	6	21	9	15	17	11	9	13	22	17	17	24	25	12	26	22	36	12	7	27	3	4	6	8	17	10	6	34	11	7	15	26	6	27	25	36	7	
29	30	10	24	24	13	42	22	3	4	5	14	5	14	18	19	6	25	25	32	18	35	2	15	14	22	15	19	5	18	7	10	13	36	11	4	17	4	31	32	2	9	4	3	24	24	14	19	21	10	42	33	22	41	44	15	5	35	3	14	24	31	15	34	3	23	3	21	36	35	10	28	32	16	9	45	14	6	23	6	18	10	13	8	6	12	7	19	18	28	11	40	10	8	8	34	10	26	28	10	17	7	3	21	11	18	5	17	3	5	6	3	25	14	23	23	29	13	25	11	8	40	14	9	15	18	15	29	34	30	25	6	27	3	11	17	33	31	15	5	32	22	4	10	9	7	24	46	16	5	29	7	16	23	8	26	24	19	34	14	13	8	34	34	7	46	6	9	21	3	7	10	33	36	16	7	17	9	13	7	13	14	47	8	24	19	12	28	4	28	13	21	8	11	11	21	11	32	25	7	11	9	28	17	9	35	19	7	21	27	14	11	31	13	9	28	35	14	11	13	35	20	19	46	15	14	9	27	17	24	16	4	15	6	10	16	12	10	9	14	26	13	10	8	16	6	28	21	12	12	
