30
50	2
94	67	94	33	49	81	50	78	39	43	83	23	76	51	78	42	88	97	64	24	10	29	57	89	100	39	73	75	37	78	85	95	73	65	64	69	66	47	28	97	48	92	47	12	65	35	35	72	88	84	
2	3	2	1	3	5	5	1	1	2	2	3	5	5	7	3	6	5	1	1	1	2	2	4	6	4	6	1	1	7	2	7	2	3	3	2	2	2	2	9	4	10	2	1	7	2	3	5	5	4	
4	5	5	3	5	8	2	8	4	2	3	2	7	5	4	4	6	9	5	3	1	1	2	4	2	1	6	7	2	5	2	3	6	4	2	3	4	4	2	10	1	6	3	2	4	4	2	5	2	7	
50	2
31	38	37	89	37	81	99	11	74	36	67	68	58	30	12	32	49	17	75	71	43	62	11	30	70	67	14	43	33	87	56	80	28	96	92	35	100	89	93	69	54	15	31	54	88	60	81	67	89	44	
1	2	1	4	3	2	4	1	2	3	2	7	5	1	1	3	2	1	2	1	2	4	1	3	2	6	1	1	2	3	2	3	2	3	7	1	2	5	6	1	5	1	1	4	2	4	5	5	2	4	
2	1	3	5	3	3	5	1	5	2	5	3	1	1	1	2	3	2	2	6	4	5	1	2	3	6	2	2	2	3	5	8	1	7	4	3	9	6	5	7	4	2	3	5	3	5	6	6	5	3	
50	2
98	71	91	20	57	46	83	59	34	67	32	69	58	55	97	32	58	24	39	84	83	30	42	84	36	81	45	75	28	46	21	99	57	32	71	67	32	95	68	35	38	88	74	98	65	36	75	55	16	92	
8	4	5	2	6	2	5	6	3	5	2	7	3	5	6	1	6	2	2	8	7	1	3	7	3	7	5	6	3	2	2	8	6	2	3	3	2	6	5	2	3	6	4	2	5	3	7	4	2	6	
7	4	9	2	2	1	2	4	1	7	1	1	5	1	9	2	2	2	3	3	7	2	2	8	3	4	1	4	2	3	1	2	6	1	3	4	2	7	5	3	4	2	3	3	3	4	4	2	1	2	
50	2
50	78	13	66	43	11	23	38	66	71	96	93	55	61	43	75	29	27	48	39	46	11	32	55	46	99	29	47	37	26	95	17	40	21	95	64	91	46	90	81	49	64	63	27	45	40	46	39	51	76	
5	8	1	2	4	1	2	1	2	7	4	3	5	6	4	4	2	1	3	4	3	1	2	3	4	10	2	3	2	3	2	2	3	1	2	2	5	4	9	2	1	5	3	3	1	1	1	3	1	2	
2	1	1	6	5	1	2	2	5	4	6	3	3	6	4	1	3	2	2	2	2	1	3	2	4	8	3	3	2	2	9	2	4	1	3	4	7	3	4	1	5	1	2	2	2	1	4	3	5	2	
50	2
59	83	10	98	51	84	86	38	69	67	22	19	66	60	13	56	71	22	98	40	82	60	88	76	63	91	27	44	60	52	60	64	32	100	54	48	33	69	93	45	74	17	62	66	82	26	39	59	50	34	
3	8	1	6	5	4	5	3	3	4	3	2	3	5	2	5	5	1	8	2	2	6	8	2	3	7	2	2	6	6	5	5	2	3	5	2	2	7	5	1	6	2	6	6	2	2	2	1	5	2	
2	4	1	7	3	3	2	3	4	6	1	1	4	2	2	4	7	3	10	4	7	2	2	7	6	9	1	2	3	2	5	3	2	9	5	3	3	1	4	5	8	1	5	5	5	3	2	6	5	3	
50	2
88	71	26	48	62	42	77	83	56	60	46	66	80	71	60	67	61	69	20	46	81	66	35	38	50	14	13	86	29	94	17	50	86	72	56	92	62	61	23	56	20	67	69	78	43	95	81	20	84	90	
4	6	2	1	7	3	3	7	5	4	3	4	4	7	2	7	2	5	1	5	7	4	1	2	5	1	1	4	2	6	1	4	7	8	2	6	6	6	3	6	2	5	2	7	1	9	2	1	7	4	
8	5	3	3	3	4	3	7	1	6	4	6	2	5	6	4	1	5	2	1	4	4	2	2	1	1	2	2	1	5	1	2	9	4	1	9	6	6	2	3	1	5	2	8	5	3	7	2	8	9	
50	2
29	59	66	50	16	40	31	65	80	44	69	85	73	35	86	30	53	34	36	23	32	83	77	40	92	40	13	74	90	95	94	93	29	62	54	91	15	29	27	13	73	10	74	100	76	21	45	68	89	45	
3	5	4	1	1	2	2	3	2	5	4	2	3	2	4	1	2	4	1	1	2	4	3	3	3	2	1	4	3	3	9	4	2	2	2	2	2	2	2	1	4	1	2	2	6	1	3	5	7	1	
3	2	4	2	2	1	2	3	5	4	2	7	3	2	8	3	2	1	4	1	2	4	3	3	5	4	1	7	6	3	5	2	1	2	3	6	2	1	3	1	7	1	4	6	6	2	1	4	4	4	
50	2
77	10	40	22	22	16	64	59	12	16	79	71	56	33	49	74	68	84	50	90	37	23	99	45	67	46	80	25	21	90	64	39	44	73	18	57	12	94	37	85	32	90	80	39	37	89	81	16	84	71	
7	1	2	2	3	1	1	2	1	1	3	8	2	3	4	3	4	2	1	8	4	1	3	3	5	2	8	2	2	9	6	4	4	5	1	1	1	2	4	8	4	6	2	3	2	7	3	1	7	6	
8	1	4	1	1	1	4	5	1	2	3	7	4	2	3	2	2	9	3	8	2	2	5	2	6	2	3	2	2	4	6	1	1	1	2	4	1	3	2	8	2	4	3	4	1	5	8	1	4	1	
50	2
87	90	39	59	19	13	82	52	46	87	40	68	87	12	41	18	72	24	62	57	91	47	95	81	50	40	70	72	78	85	28	55	68	17	54	94	79	59	76	54	87	29	30	95	83	69	70	42	75	69	
9	8	1	4	1	1	9	2	3	7	2	2	4	2	4	2	2	2	6	4	9	2	4	5	3	2	4	7	7	3	2	2	3	1	3	9	4	6	7	5	3	1	2	5	5	3	5	3	3	7	
6	2	4	2	2	2	8	5	4	4	4	3	7	1	4	2	7	2	2	6	4	3	2	2	3	2	5	7	3	6	3	2	2	2	5	8	5	4	5	2	9	1	2	8	4	5	2	4	6	4	
50	2
40	63	81	94	79	35	48	85	84	93	25	56	87	18	90	62	42	84	68	78	73	92	66	86	69	68	66	28	92	77	30	90	40	97	51	53	63	68	37	12	24	74	83	32	77	15	52	64	27	24	
4	2	8	7	8	3	2	6	6	6	1	3	5	2	4	3	5	4	3	8	5	2	4	2	7	1	1	2	4	5	2	8	2	9	4	4	2	6	4	1	2	7	4	2	8	2	5	6	1	3	
1	2	8	4	3	2	4	8	8	4	3	4	4	2	8	5	2	6	3	7	2	2	7	6	6	4	4	3	4	3	3	6	4	8	5	4	1	5	3	1	2	6	6	2	4	2	3	3	2	1	
50	2
60	65	38	74	43	61	25	85	58	58	55	69	66	89	56	17	58	98	15	94	16	81	53	81	36	80	13	19	50	86	77	77	93	21	54	43	67	72	43	66	93	29	20	98	78	28	97	34	18	48	
10	8	6	14	8	6	3	14	10	7	6	12	7	15	6	2	8	16	2	11	2	8	10	15	4	11	2	2	9	11	11	11	18	3	6	4	12	8	5	7	9	3	3	13	12	4	10	6	3	7	
10	9	6	10	7	7	4	9	10	7	7	12	11	13	9	3	9	14	2	14	2	9	5	8	4	8	1	2	6	10	8	11	9	3	9	7	7	10	8	12	13	4	2	10	9	3	16	5	2	7	
50	2
71	90	100	51	29	45	29	59	31	99	86	56	100	58	92	85	55	40	92	53	99	99	96	12	42	37	88	99	78	11	30	18	92	64	95	35	44	70	87	50	55	80	42	55	23	56	86	65	36	16	
10	15	12	8	5	8	5	11	4	16	12	6	14	6	16	13	8	4	11	5	14	14	13	2	7	5	12	11	11	1	4	3	10	10	15	6	4	7	17	5	8	15	7	10	3	7	14	12	4	2	
13	10	13	8	5	7	4	9	4	15	13	8	15	8	11	13	10	7	17	8	12	16	13	1	4	5	13	12	15	2	3	2	17	12	10	4	5	12	9	8	10	8	5	6	3	7	11	8	4	1	
50	2
29	85	20	57	57	98	11	65	23	57	23	23	82	86	23	20	87	81	52	84	70	43	45	45	72	60	28	88	57	25	41	78	10	21	69	10	94	12	94	94	30	50	79	62	67	21	11	24	36	60	
3	10	3	9	8	10	1	10	2	6	2	3	15	16	4	3	9	14	7	15	8	5	4	7	12	7	2	12	7	3	7	12	1	3	7	1	17	2	16	15	3	6	12	8	8	2	2	2	3	7	
3	11	3	9	10	10	1	10	2	9	3	3	16	10	3	3	10	9	7	13	11	6	8	5	13	6	4	16	11	2	4	13	1	3	10	1	14	2	11	9	4	6	15	12	8	2	2	4	3	9	
50	2
67	32	65	33	12	39	22	25	21	24	87	35	55	85	21	87	94	30	74	62	30	30	66	73	59	15	75	43	77	25	61	66	96	75	100	97	68	24	69	23	79	93	27	62	52	36	18	84	66	42	
7	4	7	3	1	7	3	4	3	2	15	5	5	8	2	14	15	5	10	6	4	3	10	10	11	2	10	4	8	3	7	9	14	14	15	15	10	4	11	3	11	16	4	7	6	5	2	15	10	7	
7	5	7	6	2	4	4	3	3	4	15	3	10	10	3	8	14	3	14	10	5	3	12	10	9	1	8	7	7	4	7	12	15	14	10	12	12	3	9	3	11	14	3	6	9	5	2	9	7	6	
50	2
96	32	57	84	54	13	94	35	45	62	30	54	83	49	28	10	46	98	27	23	37	45	27	34	55	44	43	41	77	76	72	95	24	84	45	43	82	88	76	48	95	18	59	49	42	72	16	96	56	36	
11	5	8	16	8	1	9	6	8	7	4	5	8	6	4	1	8	15	5	3	4	6	5	5	8	6	4	5	11	11	12	9	3	14	5	6	13	11	8	5	17	3	8	7	5	7	2	17	8	5	
13	3	10	9	6	2	10	6	5	9	5	5	14	6	4	1	8	11	5	4	4	8	4	5	5	7	6	5	9	13	11	13	3	15	6	7	11	15	13	6	15	2	8	7	5	14	2	10	10	4	
50	2
51	80	59	38	28	50	59	39	14	90	20	23	31	59	11	74	38	40	82	89	31	74	38	17	11	54	95	77	66	93	29	74	44	26	50	50	77	20	30	74	40	16	68	15	88	77	72	90	36	21	
5	15	10	5	3	9	6	4	2	14	2	3	6	9	1	8	4	6	12	10	5	9	6	2	1	6	17	9	8	15	3	8	8	4	9	7	9	3	4	9	6	1	8	2	9	11	13	9	4	3	
8	15	6	5	3	6	9	7	2	17	2	3	4	6	1	10	6	4	9	17	4	11	6	3	1	8	12	11	11	10	4	10	6	4	5	7	10	2	4	13	4	2	7	2	17	15	12	16	6	3	
50	2
17	20	14	14	35	25	42	28	90	52	74	46	78	64	99	75	31	15	54	78	98	47	75	65	34	92	64	81	13	97	68	98	92	88	15	82	33	48	24	10	77	31	58	28	87	28	65	71	64	53	
1	3	1	1	6	3	4	3	10	7	7	5	12	11	16	10	4	2	10	11	12	6	12	6	6	11	9	11	2	13	10	18	12	16	2	10	6	5	3	1	13	4	6	4	15	4	12	7	9	7	
3	3	2	2	6	4	6	5	11	6	7	5	13	8	13	11	5	1	6	12	16	6	12	6	4	13	11	8	2	11	11	15	15	10	1	9	5	9	3	1	13	6	8	4	14	3	10	9	7	9	
50	2
29	91	13	81	63	44	100	30	35	49	20	86	38	47	31	62	88	44	80	45	75	72	31	67	32	80	61	34	63	28	85	37	47	83	16	65	79	55	68	16	81	64	57	95	16	36	47	41	94	45	
3	9	2	11	8	6	15	4	4	6	2	14	4	9	4	11	13	5	13	7	14	11	5	12	5	12	9	5	7	4	11	6	8	15	3	11	12	10	10	3	15	8	7	13	2	4	5	6	9	4	
3	11	2	12	8	6	10	5	5	7	2	10	4	6	5	9	10	6	11	8	8	11	3	7	4	12	8	4	11	2	15	5	7	12	3	10	10	6	9	3	10	7	7	12	2	5	8	7	10	5	
50	2
93	34	25	44	36	30	39	18	27	24	93	77	35	41	18	86	64	69	61	44	54	99	40	16	38	16	30	73	15	88	29	48	11	67	87	19	25	12	88	56	35	33	12	14	36	97	24	45	55	65	
11	5	4	6	6	4	6	3	5	2	16	8	4	7	2	16	12	8	11	6	8	12	4	1	5	2	4	8	2	16	3	8	1	10	9	2	3	2	8	8	4	5	2	1	5	18	2	8	9	7	
11	3	3	6	6	4	5	3	3	4	15	10	5	4	3	14	10	10	6	7	7	19	7	2	6	2	4	8	1	12	5	5	2	9	10	3	3	1	10	10	6	5	1	2	4	18	4	5	5	10	
50	2
73	53	98	85	71	90	41	59	27	59	92	10	98	93	67	85	77	76	49	13	86	14	92	58	32	56	62	100	43	81	53	84	16	90	84	29	80	25	32	47	27	93	61	49	90	51	93	75	23	65	
7	6	13	12	13	9	6	11	5	11	15	1	19	17	11	15	8	10	5	2	13	2	13	6	4	8	11	16	6	13	6	12	1	14	12	4	8	4	4	6	4	13	7	6	13	9	16	14	2	6	
12	9	17	14	9	16	5	10	3	5	15	1	10	11	7	12	11	8	8	2	16	1	16	11	4	9	8	11	7	14	7	14	1	10	15	3	14	4	5	6	3	9	8	5	9	6	9	12	2	6	
50	2
34	43	59	12	80	47	14	69	61	70	100	39	17	59	80	71	18	47	31	89	42	46	68	19	96	70	18	25	26	94	20	13	91	34	32	44	34	79	62	22	69	83	37	86	46	24	67	75	80	68	
11	9	6	4	17	19	1	13	10	7	17	18	3	11	11	19	2	6	5	42	20	13	29	7	43	9	2	8	5	29	4	2	26	8	9	18	6	9	6	9	30	9	17	16	7	4	21	33	39	32	
3	5	19	1	39	16	3	25	29	10	21	4	1	24	25	33	1	4	15	9	9	6	20	8	16	16	3	4	11	20	7	3	45	5	13	5	14	10	28	4	18	23	8	27	5	3	31	37	35	28	
50	2
38	24	84	70	13	47	61	24	29	47	96	54	62	55	22	78	59	12	61	60	11	21	65	59	96	43	47	20	91	23	44	28	59	19	98	21	75	95	40	72	92	74	43	47	20	11	84	27	10	58	
14	10	13	30	1	13	14	4	9	20	35	11	18	16	6	29	7	3	8	11	4	6	31	10	42	11	13	4	17	11	17	7	15	6	32	7	32	14	4	25	25	22	21	7	7	3	12	4	1	10	
6	3	30	28	1	13	27	2	12	15	17	16	13	5	4	21	9	4	10	16	1	9	21	12	28	19	9	3	33	4	21	13	23	5	26	3	33	11	18	24	24	26	4	8	3	1	9	11	1	21	
50	2
95	96	31	47	54	49	89	65	73	49	32	14	72	76	96	23	28	94	32	59	62	39	26	60	16	33	67	61	100	93	91	32	40	26	63	89	59	69	63	67	31	27	98	31	43	23	99	72	61	60	
45	24	10	18	8	17	26	16	15	14	3	6	30	31	41	5	3	24	13	22	19	10	3	23	1	15	22	8	15	40	32	6	18	10	28	9	21	34	13	31	10	9	14	14	15	10	30	16	13	13	
38	36	15	13	12	7	33	31	32	10	4	3	25	11	35	9	6	35	4	8	10	17	9	7	5	10	13	27	21	40	24	10	11	9	18	8	11	23	25	19	12	10	10	7	20	2	37	15	17	14	
50	2
43	47	84	26	13	33	54	70	14	26	38	91	14	37	89	64	78	61	87	16	86	48	10	33	84	88	98	36	90	69	36	31	61	97	58	58	60	32	55	19	67	76	72	27	88	89	39	54	20	19	
10	21	11	3	6	4	7	8	6	7	11	28	5	7	19	14	22	22	9	6	35	22	1	15	14	39	30	8	30	14	11	7	16	43	16	12	8	12	23	6	29	30	23	5	31	9	13	13	7	8	
5	22	31	12	5	15	14	26	5	4	9	33	2	8	32	9	21	13	38	6	32	5	3	11	14	22	30	15	17	15	5	12	8	47	25	11	29	11	12	5	30	31	9	11	36	32	4	8	7	4	
50	2
34	91	52	18	67	81	76	90	33	41	45	54	65	80	13	61	79	60	66	21	95	32	45	83	68	75	57	24	49	81	29	49	14	75	40	88	15	98	22	71	65	71	22	50	16	45	82	65	85	79	
15	39	25	7	27	15	11	44	6	4	17	16	16	10	2	21	26	10	28	8	22	14	22	24	11	7	6	6	21	27	11	12	5	32	13	10	5	23	4	9	18	24	10	22	3	10	30	25	18	19	
5	45	11	4	9	37	9	37	16	18	17	23	11	26	4	21	30	28	19	7	45	3	7	29	31	33	5	7	12	15	10	10	6	31	6	42	6	10	6	30	11	34	5	5	4	17	16	17	17	31	
50	2
18	52	17	84	67	31	31	63	84	36	36	64	24	22	12	93	84	22	45	72	28	100	91	74	28	36	57	39	14	50	64	83	73	85	16	59	31	43	57	64	47	67	23	78	25	58	75	22	79	75	
4	7	7	27	13	11	8	27	20	10	8	25	8	7	4	18	12	9	10	20	4	13	42	16	11	17	16	10	3	22	6	31	12	30	5	20	11	11	17	11	7	9	5	13	5	11	20	4	24	17	
8	22	7	37	20	14	10	12	20	17	5	10	10	7	3	11	16	7	9	23	7	14	14	26	4	6	15	5	4	9	14	14	31	26	2	11	5	11	9	29	8	16	5	23	4	22	27	9	30	19	
50	2
90	78	56	99	18	46	67	12	26	64	31	79	40	47	11	52	91	92	50	14	46	85	71	95	20	92	76	95	22	65	44	89	37	12	21	21	59	78	80	74	18	70	48	65	54	88	30	56	52	76	
26	11	20	48	8	8	12	5	4	21	12	37	18	11	2	13	37	44	11	2	17	18	34	16	6	14	31	32	4	28	9	20	12	2	10	9	22	14	24	25	3	8	20	23	23	13	11	22	23	8	
32	17	11	35	5	7	14	3	6	6	4	30	15	10	4	17	32	17	13	3	14	32	8	29	7	28	12	11	8	23	4	19	10	3	9	8	20	22	23	18	8	15	22	7	18	21	13	16	8	35	
50	2
10	79	43	48	93	93	97	96	80	42	97	35	87	75	24	26	26	80	86	31	87	87	42	29	66	33	38	82	62	18	46	55	95	33	62	18	86	63	58	10	72	64	64	99	20	10	42	94	61	88	
2	21	19	15	39	40	17	17	20	11	38	12	8	26	5	3	11	37	17	13	31	33	11	3	27	12	5	27	17	3	10	22	26	13	20	8	21	7	13	2	20	14	19	23	7	1	18	15	26	13	
1	20	17	8	13	27	29	44	9	6	18	5	15	36	6	10	9	8	19	15	36	41	12	13	14	8	3	20	22	4	17	14	37	12	22	3	22	22	16	1	26	14	19	37	5	1	5	35	19	40	
50	2
14	35	13	57	11	80	87	98	18	94	63	26	10	43	63	67	80	47	96	62	48	41	83	37	52	26	66	88	46	70	76	32	72	39	15	25	99	67	84	51	11	10	51	23	32	92	58	71	71	27	
2	16	5	19	3	28	11	37	8	33	26	7	2	17	16	12	29	9	36	18	19	12	36	13	6	12	8	27	11	25	33	13	29	8	1	9	31	18	40	5	1	3	10	10	7	15	16	22	23	8	
6	9	5	26	2	27	12	38	8	38	21	9	1	18	9	26	15	13	18	10	12	14	29	16	25	4	11	15	8	28	25	6	16	14	3	11	21	11	34	23	1	2	7	11	15	36	11	29	18	7	
50	2
82	21	33	82	83	65	100	41	18	62	82	49	62	96	68	18	83	18	88	29	67	29	96	60	42	43	68	90	12	46	45	49	72	76	60	71	89	57	27	47	21	64	29	22	19	91	67	21	27	48	
27	8	13	33	39	21	38	14	2	14	15	4	17	16	32	1	12	6	27	7	26	9	24	9	10	20	16	28	2	6	19	22	24	9	16	34	31	22	10	18	9	15	11	8	4	31	20	8	6	11	
37	9	10	21	28	30	11	9	6	21	38	10	28	20	20	7	22	5	26	5	31	8	42	25	9	20	33	26	4	8	21	11	30	13	7	34	26	6	7	19	7	14	5	10	2	10	18	10	5	6	
