30
8	2
72	23	98	76	19	54	85	94	
6	1	4	5	1	2	9	5	
7	2	2	5	2	4	8	3	
8	2
29	80	17	66	94	83	67	75	
3	4	1	4	9	7	4	7	
3	6	1	2	2	5	5	1	
8	2
35	47	83	23	42	96	51	73	
3	2	8	2	3	8	3	7	
1	3	3	3	3	10	4	1	
8	2
88	100	66	24	11	38	39	16	
3	3	4	2	1	2	4	1	
8	6	6	1	1	4	2	2	
8	2
75	57	54	21	94	63	19	48	
3	1	1	1	2	3	2	2	
3	4	6	1	5	2	2	2	
8	2
25	35	99	30	69	35	82	43	
2	2	10	1	6	3	5	4	
3	2	2	2	1	2	8	1	
8	2
78	54	74	19	23	35	49	54	
3	2	5	2	2	2	2	1	
7	3	4	1	2	1	5	2	
8	2
36	32	53	63	79	47	82	17	
2	1	3	4	4	1	9	2	
3	2	4	5	4	2	1	1	
8	2
47	66	40	59	44	36	30	19	
3	3	3	4	1	3	1	1	
4	4	4	1	5	3	1	2	
8	2
48	67	11	21	12	57	97	28	
2	6	1	1	1	3	3	1	
5	2	1	2	1	5	9	3	
8	2
60	64	57	88	69	83	94	68	
11	8	5	14	9	11	11	12	
8	10	11	16	11	9	15	8	
8	2
77	63	46	11	81	56	11	89	
14	7	5	1	9	8	1	10	
10	9	4	2	15	6	1	16	
8	2
38	47	42	77	23	19	74	98	
7	6	7	10	2	2	14	9	
4	8	7	15	2	3	13	18	
8	2
35	83	60	95	59	76	26	61	
6	9	11	16	9	11	3	12	
3	15	6	17	9	10	4	11	
8	2
47	94	52	19	61	92	20	10	
7	18	5	2	10	15	3	1	
5	18	8	3	9	15	2	1	
8	2
79	72	59	83	28	55	81	24	
10	13	10	14	2	10	9	3	
8	12	11	13	4	9	8	2	
8	2
51	88	79	90	10	84	70	15	
9	9	15	15	1	15	9	2	
9	17	11	12	1	10	12	2	
8	2
64	92	46	91	10	67	44	30	
10	11	4	13	1	9	7	3	
12	9	5	14	1	11	8	5	
8	2
35	45	92	33	82	50	96	90	
3	7	12	3	8	8	16	13	
3	6	12	3	12	6	16	12	
8	2
77	100	65	98	34	23	88	47	
11	14	7	11	5	3	9	9	
14	18	12	12	5	3	17	6	
8	2
51	78	20	16	67	38	77	66	
15	27	9	5	12	4	11	9	
24	31	4	7	18	18	10	23	
	
8	2
80	53	75	39	60	71	76	37	
11	11	11	8	21	27	17	12	
36	14	13	12	21	35	36	17	
8	2
40	38	92	37	68	100	42	21	
6	10	17	4	24	24	20	6	
11	4	21	8	13	18	8	8	
8	2
13	46	100	38	37	27	46	16	
6	21	12	14	10	7	10	3	
1	9	26	17	6	9	13	2	
8	2
76	40	18	30	73	65	87	66	
9	5	7	5	10	32	12	19	
23	18	8	7	11	30	10	28	
8	2
28	55	17	59	90	31	95	35	
9	22	4	23	9	8	26	14	
3	19	4	10	39	9	39	8	
8	2
30	57	17	97	29	59	22	44	
3	25	6	40	11	9	7	8	
9	7	6	10	3	13	5	6	
8	2
92	59	12	12	54	80	43	21	
15	17	4	5	24	8	21	2	
24	23	4	5	23	9	18	5
8	2
35	28	76	69	58	76	36	85	
3	3	24	29	7	37	14	36	
6	6	35	7	8	29	16	38	
8	2
56	67	60	67	72	26	54	21	
14	19	6	15	30	4	10	5	
19	17	27	23	17	9	12	4
		
